43587,61739,2025-05-02 18:39:06.0724307,5,Info,Microsoft-Windows-Sysmon,Microsoft-Windows-Sysmon/Operational,2488,4156,Server002,807,S-1-5-18,Process terminated,SERVER002\lplui,,"ProcessID: 11028, ProcessGUID: dbf410b3-10ee-6815-e603-000000004500",,,,,,C:\Windows\System32\RuntimeBroker.exe,False,D:\benign_log_combined_latest_used_actually\new_benign\sysmon_48113.evtx,Classic,0,"{""EventData"":{""Data"":[{""@Name"":""RuleName"",""#text"":""-""},{""@Name"":""UtcTime"",""#text"":""2025-05-02 18:39:06.072""},{""@Name"":""ProcessGuid"",""#text"":""dbf410b3-10ee-6815-e603-000000004500""},{""@Name"":""ProcessId"",""#text"":""11028""},{""@Name"":""Image"",""#text"":""C:\\Windows\\System32\\RuntimeBroker.exe""},{""@Name"":""User"",""#text"":""SERVER002\\lplui""}]}}"
43588,61740,2025-05-02 18:41:33.1362258,1,Info,Microsoft-Windows-Sysmon,Microsoft-Windows-Sysmon/Operational,2488,4156,Server002,807,S-1-5-18,Process creation,NT AUTHORITY\SYSTEM,,"ProcessID: 9412, ProcessGUID: dbf410b3-11dd-6815-e703-000000004500",RuleName: -,SHA256=235882DE2347DB7A4CE2BBD7599B5D8D56C93A8BC18207DBEE7173B9BAD068FE,ParentProcess: C:\Windows\System32\svchost.exe,"ParentProcessID: 800, ParentProcessGUID: dbf410b3-a39e-6814-0d00-000000004500",ParentCommandLine: C:\Windows\system32\svchost.exe -k DcomLaunch -p,C:\Windows\System32\mousocoreworker.exe -Embedding,False,D:\benign_log_combined_latest_used_actually\new_benign\sysmon_48113.evtx,Classic,0,"{""EventData"":{""Data"":[{""@Name"":""RuleName"",""#text"":""-""},{""@Name"":""UtcTime"",""#text"":""2025-05-02 18:41:33.127""},{""@Name"":""ProcessGuid"",""#text"":""dbf410b3-11dd-6815-e703-000000004500""},{""@Name"":""ProcessId"",""#text"":""9412""},{""@Name"":""Image"",""#text"":""C:\\Windows\\System32\\MoUsoCoreWorker.exe""},{""@Name"":""FileVersion"",""#text"":""10.0.19041.5678 (WinBuild.160101.0800)""},{""@Name"":""Description"",""#text"":""MoUSO Core Worker Process""},{""@Name"":""Product"",""#text"":""Microsoft® Windows® Operating System""},{""@Name"":""Company"",""#text"":""Microsoft Corporation""},{""@Name"":""OriginalFileName"",""#text"":""MoUSOCoreWorker.exe""},{""@Name"":""CommandLine"",""#text"":""C:\\Windows\\System32\\mousocoreworker.exe -Embedding""},{""@Name"":""CurrentDirectory"",""#text"":""C:\\Windows\\system32\\""},{""@Name"":""User"",""#text"":""NT AUTHORITY\\SYSTEM""},{""@Name"":""LogonGuid"",""#text"":""dbf410b3-a39d-6814-e703-000000000000""},{""@Name"":""LogonId"",""#text"":""0x3E7""},{""@Name"":""TerminalSessionId"",""#text"":""0""},{""@Name"":""IntegrityLevel"",""#text"":""System""},{""@Name"":""Hashes"",""#text"":""SHA256=235882DE2347DB7A4CE2BBD7599B5D8D56C93A8BC18207DBEE7173B9BAD068FE""},{""@Name"":""ParentProcessGuid"",""#text"":""dbf410b3-a39e-6814-0d00-000000004500""},{""@Name"":""ParentProcessId"",""#text"":""800""},{""@Name"":""ParentImage"",""#text"":""C:\\Windows\\System32\\svchost.exe""},{""@Name"":""ParentCommandLine"",""#text"":""C:\\Windows\\system32\\svchost.exe -k DcomLaunch -p""},{""@Name"":""ParentUser"",""#text"":""NT AUTHORITY\\SYSTEM""}]}}"
43589,61741,2025-05-02 18:42:02.3600689,1,Info,Microsoft-Windows-Sysmon,Microsoft-Windows-Sysmon/Operational,2488,4156,Server002,807,S-1-5-18,Process creation,SERVER002\lplui,,"ProcessID: 8176, ProcessGUID: dbf410b3-11fa-6815-e803-000000004500",RuleName: -,SHA256=B7B20F19DE611698C5CAE2677B63494A5C61CB74179012E1C63C7F7EB3ECC6AF,ParentProcess: C:\Windows\System32\svchost.exe,"ParentProcessID: 800, ParentProcessGUID: dbf410b3-a39e-6814-0d00-000000004500",ParentCommandLine: C:\Windows\system32\svchost.exe -k DcomLaunch -p,"""C:\Program Files\Microsoft OneDrive\25.065.0406.0002\FileCoAuth.exe"" -Embedding",False,D:\benign_log_combined_latest_used_actually\new_benign\sysmon_48113.evtx,Classic,0,"{""EventData"":{""Data"":[{""@Name"":""RuleName"",""#text"":""-""},{""@Name"":""UtcTime"",""#text"":""2025-05-02 18:42:02.357""},{""@Name"":""ProcessGuid"",""#text"":""dbf410b3-11fa-6815-e803-000000004500""},{""@Name"":""ProcessId"",""#text"":""8176""},{""@Name"":""Image"",""#text"":""C:\\Program Files\\Microsoft OneDrive\\25.065.0406.0002\\FileCoAuth.exe""},{""@Name"":""FileVersion"",""#text"":""25.065.0406.0002""},{""@Name"":""Description"",""#text"":""Microsoft OneDriveFile Co-Authoring Executable""},{""@Name"":""Product"",""#text"":""Microsoft OneDrive""},{""@Name"":""Company"",""#text"":""Microsoft Corporation""},{""@Name"":""OriginalFileName"",""#text"":""FileCoAuth.exe""},{""@Name"":""CommandLine"",""#text"":""\""C:\\Program Files\\Microsoft OneDrive\\25.065.0406.0002\\FileCoAuth.exe\"" -Embedding""},{""@Name"":""CurrentDirectory"",""#text"":""C:\\Windows\\system32\\""},{""@Name"":""User"",""#text"":""SERVER002\\lplui""},{""@Name"":""LogonGuid"",""#text"":""dbf410b3-8789-6814-3797-030000000000""},{""@Name"":""LogonId"",""#text"":""0x39737""},{""@Name"":""TerminalSessionId"",""#text"":""1""},{""@Name"":""IntegrityLevel"",""#text"":""Medium""},{""@Name"":""Hashes"",""#text"":""SHA256=B7B20F19DE611698C5CAE2677B63494A5C61CB74179012E1C63C7F7EB3ECC6AF""},{""@Name"":""ParentProcessGuid"",""#text"":""dbf410b3-a39e-6814-0d00-000000004500""},{""@Name"":""ParentProcessId"",""#text"":""800""},{""@Name"":""ParentImage"",""#text"":""C:\\Windows\\System32\\svchost.exe""},{""@Name"":""ParentCommandLine"",""#text"":""C:\\Windows\\system32\\svchost.exe -k DcomLaunch -p""},{""@Name"":""ParentUser"",""#text"":""NT AUTHORITY\\SYSTEM""}]}}"
43590,61742,2025-05-02 18:42:09.7754736,5,Info,Microsoft-Windows-Sysmon,Microsoft-Windows-Sysmon/Operational,2488,4156,Server002,807,S-1-5-18,Process terminated,SERVER002\lplui,,"ProcessID: 8176, ProcessGUID: dbf410b3-11fa-6815-e803-000000004500",,,,,,C:\Program Files\Microsoft OneDrive\25.065.0406.0002\FileCoAuth.exe,False,D:\benign_log_combined_latest_used_actually\new_benign\sysmon_48113.evtx,Classic,0,"{""EventData"":{""Data"":[{""@Name"":""RuleName"",""#text"":""-""},{""@Name"":""UtcTime"",""#text"":""2025-05-02 18:42:09.766""},{""@Name"":""ProcessGuid"",""#text"":""dbf410b3-11fa-6815-e803-000000004500""},{""@Name"":""ProcessId"",""#text"":""8176""},{""@Name"":""Image"",""#text"":""C:\\Program Files\\Microsoft OneDrive\\25.065.0406.0002\\FileCoAuth.exe""},{""@Name"":""User"",""#text"":""SERVER002\\lplui""}]}}"
43591,61743,2025-05-02 18:42:30.3724514,1,Info,Microsoft-Windows-Sysmon,Microsoft-Windows-Sysmon/Operational,2488,4156,Server002,807,S-1-5-18,Process creation,SERVER002\lplui,,"ProcessID: 6976, ProcessGUID: dbf410b3-1216-6815-e903-000000004500",RuleName: -,SHA256=88F148D559A48AA0010691D07319CCD9723B945F6857C5D1676287C1868A84E6,ParentProcess: C:\Program Files (x86)\Microsoft\Edge\Application\msedge.exe,"ParentProcessID: 9660, ParentProcessGUID: dbf410b3-d995-6814-1102-000000004500","ParentCommandLine: ""C:\Program Files (x86)\Microsoft\Edge\Application\msedge.exe"" --single-argument C:\Users\lplui\Desktop\sysmonconfig-export.xml","""C:\Program Files (x86)\Microsoft\Edge\Application\msedge.exe"" --type=utility --utility-sub-type=asset_store.mojom.AssetStoreService --lang=en-GB --service-sandbox-type=asset_store_service --always-read-main-dll --field-trial-handle=2264,i,4754198591178687341,14255666294261140107,262144 --variations-seed-version --mojo-platform-channel-handle=6196 /prefetch:8",False,D:\benign_log_combined_latest_used_actually\new_benign\sysmon_48113.evtx,Classic,0,"{""EventData"":{""Data"":[{""@Name"":""RuleName"",""#text"":""-""},{""@Name"":""UtcTime"",""#text"":""2025-05-02 18:42:30.368""},{""@Name"":""ProcessGuid"",""#text"":""dbf410b3-1216-6815-e903-000000004500""},{""@Name"":""ProcessId"",""#text"":""6976""},{""@Name"":""Image"",""#text"":""C:\\Program Files (x86)\\Microsoft\\Edge\\Application\\msedge.exe""},{""@Name"":""FileVersion"",""#text"":""135.0.3179.98""},{""@Name"":""Description"",""#text"":""Microsoft Edge""},{""@Name"":""Product"",""#text"":""Microsoft Edge""},{""@Name"":""Company"",""#text"":""Microsoft Corporation""},{""@Name"":""OriginalFileName"",""#text"":""msedge.exe""},{""@Name"":""CommandLine"",""#text"":""\""C:\\Program Files (x86)\\Microsoft\\Edge\\Application\\msedge.exe\"" --type=utility --utility-sub-type=asset_store.mojom.AssetStoreService --lang=en-GB --service-sandbox-type=asset_store_service --always-read-main-dll --field-trial-handle=2264,i,4754198591178687341,14255666294261140107,262144 --variations-seed-version --mojo-platform-channel-handle=6196 /prefetch:8""},{""@Name"":""CurrentDirectory"",""#text"":""C:\\Program Files (x86)\\Microsoft\\Edge\\Application\\135.0.3179.98\\""},{""@Name"":""User"",""#text"":""SERVER002\\lplui""},{""@Name"":""LogonGuid"",""#text"":""dbf410b3-8789-6814-3797-030000000000""},{""@Name"":""LogonId"",""#text"":""0x39737""},{""@Name"":""TerminalSessionId"",""#text"":""1""},{""@Name"":""IntegrityLevel"",""#text"":""Low""},{""@Name"":""Hashes"",""#text"":""SHA256=88F148D559A48AA0010691D07319CCD9723B945F6857C5D1676287C1868A84E6""},{""@Name"":""ParentProcessGuid"",""#text"":""dbf410b3-d995-6814-1102-000000004500""},{""@Name"":""ParentProcessId"",""#text"":""9660""},{""@Name"":""ParentImage"",""#text"":""C:\\Program Files (x86)\\Microsoft\\Edge\\Application\\msedge.exe""},{""@Name"":""ParentCommandLine"",""#text"":""\""C:\\Program Files (x86)\\Microsoft\\Edge\\Application\\msedge.exe\"" --single-argument C:\\Users\\lplui\\Desktop\\sysmonconfig-export.xml""},{""@Name"":""ParentUser"",""#text"":""SERVER002\\lplui""}]}}"
43592,61744,2025-05-02 18:42:32.7176623,1,Info,Microsoft-Windows-Sysmon,Microsoft-Windows-Sysmon/Operational,2488,4156,Server002,807,S-1-5-18,Process creation,NT AUTHORITY\SYSTEM,,"ProcessID: 6620, ProcessGUID: dbf410b3-1218-6815-ea03-000000004500",RuleName: -,SHA256=6FC3BF1FDFD76860BE782554F8D25BD32F108DB934D70F4253F1E5F23522E503,ParentProcess: C:\Windows\System32\services.exe,"ParentProcessID: 676, ParentProcessGUID: dbf410b3-a39d-6814-0b00-000000004500",ParentCommandLine: C:\Windows\system32\services.exe,C:\Windows\system32\svchost.exe -k netsvcs -p -s gpsvc,False,D:\benign_log_combined_latest_used_actually\new_benign\sysmon_48113.evtx,Classic,0,"{""EventData"":{""Data"":[{""@Name"":""RuleName"",""#text"":""-""},{""@Name"":""UtcTime"",""#text"":""2025-05-02 18:42:32.703""},{""@Name"":""ProcessGuid"",""#text"":""dbf410b3-1218-6815-ea03-000000004500""},{""@Name"":""ProcessId"",""#text"":""6620""},{""@Name"":""Image"",""#text"":""C:\\Windows\\System32\\svchost.exe""},{""@Name"":""FileVersion"",""#text"":""10.0.19041.4355 (WinBuild.160101.0800)""},{""@Name"":""Description"",""#text"":""Host Process for Windows Services""},{""@Name"":""Product"",""#text"":""Microsoft® Windows® Operating System""},{""@Name"":""Company"",""#text"":""Microsoft Corporation""},{""@Name"":""OriginalFileName"",""#text"":""svchost.exe""},{""@Name"":""CommandLine"",""#text"":""C:\\Windows\\system32\\svchost.exe -k netsvcs -p -s gpsvc""},{""@Name"":""CurrentDirectory"",""#text"":""C:\\Windows\\system32\\""},{""@Name"":""User"",""#text"":""NT AUTHORITY\\SYSTEM""},{""@Name"":""LogonGuid"",""#text"":""dbf410b3-a39d-6814-e703-000000000000""},{""@Name"":""LogonId"",""#text"":""0x3E7""},{""@Name"":""TerminalSessionId"",""#text"":""0""},{""@Name"":""IntegrityLevel"",""#text"":""System""},{""@Name"":""Hashes"",""#text"":""SHA256=6FC3BF1FDFD76860BE782554F8D25BD32F108DB934D70F4253F1E5F23522E503""},{""@Name"":""ParentProcessGuid"",""#text"":""dbf410b3-a39d-6814-0b00-000000004500""},{""@Name"":""ParentProcessId"",""#text"":""676""},{""@Name"":""ParentImage"",""#text"":""C:\\Windows\\System32\\services.exe""},{""@Name"":""ParentCommandLine"",""#text"":""C:\\Windows\\system32\\services.exe""},{""@Name"":""ParentUser"",""#text"":""NT AUTHORITY\\SYSTEM""}]}}"
43593,61745,2025-05-02 18:42:35.9765401,5,Info,Microsoft-Windows-Sysmon,Microsoft-Windows-Sysmon/Operational,2488,4156,Server002,807,S-1-5-18,Process terminated,NT AUTHORITY\SYSTEM,,"ProcessID: 9412, ProcessGUID: dbf410b3-11dd-6815-e703-000000004500",,,,,,C:\Windows\System32\MoUsoCoreWorker.exe,False,D:\benign_log_combined_latest_used_actually\new_benign\sysmon_48113.evtx,Classic,0,"{""EventData"":{""Data"":[{""@Name"":""RuleName"",""#text"":""-""},{""@Name"":""UtcTime"",""#text"":""2025-05-02 18:42:35.975""},{""@Name"":""ProcessGuid"",""#text"":""dbf410b3-11dd-6815-e703-000000004500""},{""@Name"":""ProcessId"",""#text"":""9412""},{""@Name"":""Image"",""#text"":""C:\\Windows\\System32\\MoUsoCoreWorker.exe""},{""@Name"":""User"",""#text"":""NT AUTHORITY\\SYSTEM""}]}}"
43594,61746,2025-05-02 18:42:36.0555005,5,Info,Microsoft-Windows-Sysmon,Microsoft-Windows-Sysmon/Operational,2488,4156,Server002,807,S-1-5-18,Process terminated,NT AUTHORITY\SYSTEM,,"ProcessID: 3572, ProcessGUID: dbf410b3-109d-6815-e103-000000004500",,,,,,C:\Windows\System32\svchost.exe,False,D:\benign_log_combined_latest_used_actually\new_benign\sysmon_48113.evtx,Classic,0,"{""EventData"":{""Data"":[{""@Name"":""RuleName"",""#text"":""-""},{""@Name"":""UtcTime"",""#text"":""2025-05-02 18:42:36.054""},{""@Name"":""ProcessGuid"",""#text"":""dbf410b3-109d-6815-e103-000000004500""},{""@Name"":""ProcessId"",""#text"":""3572""},{""@Name"":""Image"",""#text"":""C:\\Windows\\System32\\svchost.exe""},{""@Name"":""User"",""#text"":""NT AUTHORITY\\SYSTEM""}]}}"
43595,61747,2025-05-02 18:43:08.0620188,5,Info,Microsoft-Windows-Sysmon,Microsoft-Windows-Sysmon/Operational,2488,4156,Server002,807,S-1-5-18,Process terminated,SERVER002\lplui,,"ProcessID: 6976, ProcessGUID: dbf410b3-1216-6815-e903-000000004500",,,,,,C:\Program Files (x86)\Microsoft\Edge\Application\msedge.exe,False,D:\benign_log_combined_latest_used_actually\new_benign\sysmon_48113.evtx,Classic,0,"{""EventData"":{""Data"":[{""@Name"":""RuleName"",""#text"":""-""},{""@Name"":""UtcTime"",""#text"":""2025-05-02 18:43:08.061""},{""@Name"":""ProcessGuid"",""#text"":""dbf410b3-1216-6815-e903-000000004500""},{""@Name"":""ProcessId"",""#text"":""6976""},{""@Name"":""Image"",""#text"":""C:\\Program Files (x86)\\Microsoft\\Edge\\Application\\msedge.exe""},{""@Name"":""User"",""#text"":""SERVER002\\lplui""}]}}"
43596,61748,2025-05-02 18:45:36.6647222,1,Info,Microsoft-Windows-Sysmon,Microsoft-Windows-Sysmon/Operational,2488,4156,Server002,807,S-1-5-18,Process creation,NT AUTHORITY\SYSTEM,,"ProcessID: 3820, ProcessGUID: dbf410b3-12d0-6815-eb03-000000004500",RuleName: -,SHA256=3BE579BF1AC4C97EF571F022FF123E212CC5F1CA1575BF656C2E4C5A637B99DE,ParentProcess: C:\Windows\System32\svchost.exe,"ParentProcessID: 1140, ParentProcessGUID: dbf410b3-a3a0-6814-1900-000000004500",ParentCommandLine: C:\Windows\system32\svchost.exe -k netsvcs -p -s Schedule,"""C:\Program Files (x86)\BraveSoftware\Update\BraveUpdate.exe"" /ua /installsource scheduler",False,D:\benign_log_combined_latest_used_actually\new_benign\sysmon_48113.evtx,Classic,0,"{""EventData"":{""Data"":[{""@Name"":""RuleName"",""#text"":""-""},{""@Name"":""UtcTime"",""#text"":""2025-05-02 18:45:36.658""},{""@Name"":""ProcessGuid"",""#text"":""dbf410b3-12d0-6815-eb03-000000004500""},{""@Name"":""ProcessId"",""#text"":""3820""},{""@Name"":""Image"",""#text"":""C:\\Program Files (x86)\\BraveSoftware\\Update\\BraveUpdate.exe""},{""@Name"":""FileVersion"",""#text"":""1.3.361.151""},{""@Name"":""Description"",""#text"":""BraveSoftware Update""},{""@Name"":""Product"",""#text"":""BraveSoftware Update""},{""@Name"":""Company"",""#text"":""BraveSoftware Inc.""},{""@Name"":""OriginalFileName"",""#text"":""BraveUpdate.exe""},{""@Name"":""CommandLine"",""#text"":""\""C:\\Program Files (x86)\\BraveSoftware\\Update\\BraveUpdate.exe\"" /ua /installsource scheduler""},{""@Name"":""CurrentDirectory"",""#text"":""C:\\Windows\\system32\\""},{""@Name"":""User"",""#text"":""NT AUTHORITY\\SYSTEM""},{""@Name"":""LogonGuid"",""#text"":""dbf410b3-a39d-6814-e703-000000000000""},{""@Name"":""LogonId"",""#text"":""0x3E7""},{""@Name"":""TerminalSessionId"",""#text"":""0""},{""@Name"":""IntegrityLevel"",""#text"":""System""},{""@Name"":""Hashes"",""#text"":""SHA256=3BE579BF1AC4C97EF571F022FF123E212CC5F1CA1575BF656C2E4C5A637B99DE""},{""@Name"":""ParentProcessGuid"",""#text"":""dbf410b3-a3a0-6814-1900-000000004500""},{""@Name"":""ParentProcessId"",""#text"":""1140""},{""@Name"":""ParentImage"",""#text"":""C:\\Windows\\System32\\svchost.exe""},{""@Name"":""ParentCommandLine"",""#text"":""C:\\Windows\\system32\\svchost.exe -k netsvcs -p -s Schedule""},{""@Name"":""ParentUser"",""#text"":""NT AUTHORITY\\SYSTEM""}]}}"
43597,61749,2025-05-02 18:45:36.7183114,1,Info,Microsoft-Windows-Sysmon,Microsoft-Windows-Sysmon/Operational,2488,4156,Server002,807,S-1-5-18,Process creation,NT AUTHORITY\SYSTEM,,"ProcessID: 10184, ProcessGUID: dbf410b3-12d0-6815-ec03-000000004500",RuleName: -,SHA256=6FC3BF1FDFD76860BE782554F8D25BD32F108DB934D70F4253F1E5F23522E503,ParentProcess: C:\Windows\System32\services.exe,"ParentProcessID: 676, ParentProcessGUID: dbf410b3-a39d-6814-0b00-000000004500",ParentCommandLine: C:\Windows\system32\services.exe,C:\Windows\system32\svchost.exe -k wsappx -p -s AppXSvc,False,D:\benign_log_combined_latest_used_actually\new_benign\sysmon_48113.evtx,Classic,0,"{""EventData"":{""Data"":[{""@Name"":""RuleName"",""#text"":""-""},{""@Name"":""UtcTime"",""#text"":""2025-05-02 18:45:36.711""},{""@Name"":""ProcessGuid"",""#text"":""dbf410b3-12d0-6815-ec03-000000004500""},{""@Name"":""ProcessId"",""#text"":""10184""},{""@Name"":""Image"",""#text"":""C:\\Windows\\System32\\svchost.exe""},{""@Name"":""FileVersion"",""#text"":""10.0.19041.4355 (WinBuild.160101.0800)""},{""@Name"":""Description"",""#text"":""Host Process for Windows Services""},{""@Name"":""Product"",""#text"":""Microsoft® Windows® Operating System""},{""@Name"":""Company"",""#text"":""Microsoft Corporation""},{""@Name"":""OriginalFileName"",""#text"":""svchost.exe""},{""@Name"":""CommandLine"",""#text"":""C:\\Windows\\system32\\svchost.exe -k wsappx -p -s AppXSvc""},{""@Name"":""CurrentDirectory"",""#text"":""C:\\Windows\\system32\\""},{""@Name"":""User"",""#text"":""NT AUTHORITY\\SYSTEM""},{""@Name"":""LogonGuid"",""#text"":""dbf410b3-a39d-6814-e703-000000000000""},{""@Name"":""LogonId"",""#text"":""0x3E7""},{""@Name"":""TerminalSessionId"",""#text"":""0""},{""@Name"":""IntegrityLevel"",""#text"":""System""},{""@Name"":""Hashes"",""#text"":""SHA256=6FC3BF1FDFD76860BE782554F8D25BD32F108DB934D70F4253F1E5F23522E503""},{""@Name"":""ParentProcessGuid"",""#text"":""dbf410b3-a39d-6814-0b00-000000004500""},{""@Name"":""ParentProcessId"",""#text"":""676""},{""@Name"":""ParentImage"",""#text"":""C:\\Windows\\System32\\services.exe""},{""@Name"":""ParentCommandLine"",""#text"":""C:\\Windows\\system32\\services.exe""},{""@Name"":""ParentUser"",""#text"":""NT AUTHORITY\\SYSTEM""}]}}"
43598,61750,2025-05-02 18:45:36.8541843,1,Info,Microsoft-Windows-Sysmon,Microsoft-Windows-Sysmon/Operational,2488,4156,Server002,807,S-1-5-18,Process creation,SERVER002\lplui,,"ProcessID: 4412, ProcessGUID: dbf410b3-12d0-6815-ed03-000000004500",RuleName: -,SHA256=7077CBF56490C86FC74C0CC6C0379AB679F06A066E71906AD23458F664836449,ParentProcess: C:\Windows\System32\svchost.exe,"ParentProcessID: 800, ParentProcessGUID: dbf410b3-a39e-6814-0d00-000000004500",ParentCommandLine: C:\Windows\system32\svchost.exe -k DcomLaunch -p,"""C:\Windows\system32\backgroundTaskHost.exe"" -ServerName:App.AppXnme9zjyebb2xnyygh6q9ev6p5d234br2.mca",False,D:\benign_log_combined_latest_used_actually\new_benign\sysmon_48113.evtx,Classic,0,"{""EventData"":{""Data"":[{""@Name"":""RuleName"",""#text"":""-""},{""@Name"":""UtcTime"",""#text"":""2025-05-02 18:45:36.850""},{""@Name"":""ProcessGuid"",""#text"":""dbf410b3-12d0-6815-ed03-000000004500""},{""@Name"":""ProcessId"",""#text"":""4412""},{""@Name"":""Image"",""#text"":""C:\\Windows\\System32\\backgroundTaskHost.exe""},{""@Name"":""FileVersion"",""#text"":""10.0.19041.3636 (WinBuild.160101.0800)""},{""@Name"":""Description"",""#text"":""Background Task Host""},{""@Name"":""Product"",""#text"":""Microsoft® Windows® Operating System""},{""@Name"":""Company"",""#text"":""Microsoft Corporation""},{""@Name"":""OriginalFileName"",""#text"":""backgroundTaskHost.exe""},{""@Name"":""CommandLine"",""#text"":""\""C:\\Windows\\system32\\backgroundTaskHost.exe\"" -ServerName:App.AppXnme9zjyebb2xnyygh6q9ev6p5d234br2.mca""},{""@Name"":""CurrentDirectory"",""#text"":""C:\\Program Files\\WindowsApps\\Microsoft.Todos_2.143.2921.0_x64__8wekyb3d8bbwe\\""},{""@Name"":""User"",""#text"":""SERVER002\\lplui""},{""@Name"":""LogonGuid"",""#text"":""dbf410b3-8789-6814-3797-030000000000""},{""@Name"":""LogonId"",""#text"":""0x39737""},{""@Name"":""TerminalSessionId"",""#text"":""1""},{""@Name"":""IntegrityLevel"",""#text"":""AppContainer""},{""@Name"":""Hashes"",""#text"":""SHA256=7077CBF56490C86FC74C0CC6C0379AB679F06A066E71906AD23458F664836449""},{""@Name"":""ParentProcessGuid"",""#text"":""dbf410b3-a39e-6814-0d00-000000004500""},{""@Name"":""ParentProcessId"",""#text"":""800""},{""@Name"":""ParentImage"",""#text"":""C:\\Windows\\System32\\svchost.exe""},{""@Name"":""ParentCommandLine"",""#text"":""C:\\Windows\\system32\\svchost.exe -k DcomLaunch -p""},{""@Name"":""ParentUser"",""#text"":""NT AUTHORITY\\SYSTEM""}]}}"
43599,61751,2025-05-02 18:45:37.0635450,5,Info,Microsoft-Windows-Sysmon,Microsoft-Windows-Sysmon/Operational,2488,4156,Server002,807,S-1-5-18,Process terminated,NT AUTHORITY\SYSTEM,,"ProcessID: 3820, ProcessGUID: dbf410b3-12d0-6815-eb03-000000004500",,,,,,C:\Program Files (x86)\BraveSoftware\Update\BraveUpdate.exe,False,D:\benign_log_combined_latest_used_actually\new_benign\sysmon_48113.evtx,Classic,0,"{""EventData"":{""Data"":[{""@Name"":""RuleName"",""#text"":""-""},{""@Name"":""UtcTime"",""#text"":""2025-05-02 18:45:37.062""},{""@Name"":""ProcessGuid"",""#text"":""dbf410b3-12d0-6815-eb03-000000004500""},{""@Name"":""ProcessId"",""#text"":""3820""},{""@Name"":""Image"",""#text"":""C:\\Program Files (x86)\\BraveSoftware\\Update\\BraveUpdate.exe""},{""@Name"":""User"",""#text"":""NT AUTHORITY\\SYSTEM""}]}}"
43600,61752,2025-05-02 18:45:38.6562739,1,Info,Microsoft-Windows-Sysmon,Microsoft-Windows-Sysmon/Operational,2488,4156,Server002,807,S-1-5-18,Process creation,SERVER002\lplui,,"ProcessID: 10772, ProcessGUID: dbf410b3-12d2-6815-ee03-000000004500",RuleName: -,SHA256=579DFCED8F02A7E1E6E8DF10C400117D3127EAD7231776A1E467EB507261E920,ParentProcess: C:\Windows\System32\svchost.exe,"ParentProcessID: 800, ParentProcessGUID: dbf410b3-a39e-6814-0d00-000000004500",ParentCommandLine: C:\Windows\system32\svchost.exe -k DcomLaunch -p,C:\Windows\System32\RuntimeBroker.exe -Embedding,False,D:\benign_log_combined_latest_used_actually\new_benign\sysmon_48113.evtx,Classic,0,"{""EventData"":{""Data"":[{""@Name"":""RuleName"",""#text"":""-""},{""@Name"":""UtcTime"",""#text"":""2025-05-02 18:45:38.653""},{""@Name"":""ProcessGuid"",""#text"":""dbf410b3-12d2-6815-ee03-000000004500""},{""@Name"":""ProcessId"",""#text"":""10772""},{""@Name"":""Image"",""#text"":""C:\\Windows\\System32\\RuntimeBroker.exe""},{""@Name"":""FileVersion"",""#text"":""10.0.19041.4355 (WinBuild.160101.0800)""},{""@Name"":""Description"",""#text"":""Runtime Broker""},{""@Name"":""Product"",""#text"":""Microsoft® Windows® Operating System""},{""@Name"":""Company"",""#text"":""Microsoft Corporation""},{""@Name"":""OriginalFileName"",""#text"":""RuntimeBroker.exe""},{""@Name"":""CommandLine"",""#text"":""C:\\Windows\\System32\\RuntimeBroker.exe -Embedding""},{""@Name"":""CurrentDirectory"",""#text"":""C:\\Windows\\system32\\""},{""@Name"":""User"",""#text"":""SERVER002\\lplui""},{""@Name"":""LogonGuid"",""#text"":""dbf410b3-8789-6814-3797-030000000000""},{""@Name"":""LogonId"",""#text"":""0x39737""},{""@Name"":""TerminalSessionId"",""#text"":""1""},{""@Name"":""IntegrityLevel"",""#text"":""Medium""},{""@Name"":""Hashes"",""#text"":""SHA256=579DFCED8F02A7E1E6E8DF10C400117D3127EAD7231776A1E467EB507261E920""},{""@Name"":""ParentProcessGuid"",""#text"":""dbf410b3-a39e-6814-0d00-000000004500""},{""@Name"":""ParentProcessId"",""#text"":""800""},{""@Name"":""ParentImage"",""#text"":""C:\\Windows\\System32\\svchost.exe""},{""@Name"":""ParentCommandLine"",""#text"":""C:\\Windows\\system32\\svchost.exe -k DcomLaunch -p""},{""@Name"":""ParentUser"",""#text"":""NT AUTHORITY\\SYSTEM""}]}}"
43601,61753,2025-05-02 18:45:39.3931104,1,Info,Microsoft-Windows-Sysmon,Microsoft-Windows-Sysmon/Operational,2488,4156,Server002,807,S-1-5-18,Process creation,NT AUTHORITY\SYSTEM,,"ProcessID: 10804, ProcessGUID: dbf410b3-12d3-6815-ef03-000000004500",RuleName: -,SHA256=6FC3BF1FDFD76860BE782554F8D25BD32F108DB934D70F4253F1E5F23522E503,ParentProcess: C:\Windows\System32\services.exe,"ParentProcessID: 676, ParentProcessGUID: dbf410b3-a39d-6814-0b00-000000004500",ParentCommandLine: C:\Windows\system32\services.exe,C:\Windows\System32\svchost.exe -k wsappx -p -s ClipSVC,False,D:\benign_log_combined_latest_used_actually\new_benign\sysmon_48113.evtx,Classic,0,"{""EventData"":{""Data"":[{""@Name"":""RuleName"",""#text"":""-""},{""@Name"":""UtcTime"",""#text"":""2025-05-02 18:45:39.382""},{""@Name"":""ProcessGuid"",""#text"":""dbf410b3-12d3-6815-ef03-000000004500""},{""@Name"":""ProcessId"",""#text"":""10804""},{""@Name"":""Image"",""#text"":""C:\\Windows\\System32\\svchost.exe""},{""@Name"":""FileVersion"",""#text"":""10.0.19041.4355 (WinBuild.160101.0800)""},{""@Name"":""Description"",""#text"":""Host Process for Windows Services""},{""@Name"":""Product"",""#text"":""Microsoft® Windows® Operating System""},{""@Name"":""Company"",""#text"":""Microsoft Corporation""},{""@Name"":""OriginalFileName"",""#text"":""svchost.exe""},{""@Name"":""CommandLine"",""#text"":""C:\\Windows\\System32\\svchost.exe -k wsappx -p -s ClipSVC""},{""@Name"":""CurrentDirectory"",""#text"":""C:\\Windows\\system32\\""},{""@Name"":""User"",""#text"":""NT AUTHORITY\\SYSTEM""},{""@Name"":""LogonGuid"",""#text"":""dbf410b3-a39d-6814-e703-000000000000""},{""@Name"":""LogonId"",""#text"":""0x3E7""},{""@Name"":""TerminalSessionId"",""#text"":""0""},{""@Name"":""IntegrityLevel"",""#text"":""System""},{""@Name"":""Hashes"",""#text"":""SHA256=6FC3BF1FDFD76860BE782554F8D25BD32F108DB934D70F4253F1E5F23522E503""},{""@Name"":""ParentProcessGuid"",""#text"":""dbf410b3-a39d-6814-0b00-000000004500""},{""@Name"":""ParentProcessId"",""#text"":""676""},{""@Name"":""ParentImage"",""#text"":""C:\\Windows\\System32\\services.exe""},{""@Name"":""ParentCommandLine"",""#text"":""C:\\Windows\\system32\\services.exe""},{""@Name"":""ParentUser"",""#text"":""NT AUTHORITY\\SYSTEM""}]}}"
43602,61754,2025-05-02 18:46:34.8819712,1,Info,Microsoft-Windows-Sysmon,Microsoft-Windows-Sysmon/Operational,2488,4156,Server002,807,S-1-5-18,Process creation,NT AUTHORITY\SYSTEM,,"ProcessID: 100, ProcessGUID: dbf410b3-130a-6815-f003-000000004500",RuleName: -,SHA256=235882DE2347DB7A4CE2BBD7599B5D8D56C93A8BC18207DBEE7173B9BAD068FE,ParentProcess: C:\Windows\System32\svchost.exe,"ParentProcessID: 800, ParentProcessGUID: dbf410b3-a39e-6814-0d00-000000004500",ParentCommandLine: C:\Windows\system32\svchost.exe -k DcomLaunch -p,C:\Windows\System32\mousocoreworker.exe -Embedding,False,D:\benign_log_combined_latest_used_actually\new_benign\sysmon_48113.evtx,Classic,0,"{""EventData"":{""Data"":[{""@Name"":""RuleName"",""#text"":""-""},{""@Name"":""UtcTime"",""#text"":""2025-05-02 18:46:34.868""},{""@Name"":""ProcessGuid"",""#text"":""dbf410b3-130a-6815-f003-000000004500""},{""@Name"":""ProcessId"",""#text"":""100""},{""@Name"":""Image"",""#text"":""C:\\Windows\\System32\\MoUsoCoreWorker.exe""},{""@Name"":""FileVersion"",""#text"":""10.0.19041.5678 (WinBuild.160101.0800)""},{""@Name"":""Description"",""#text"":""MoUSO Core Worker Process""},{""@Name"":""Product"",""#text"":""Microsoft® Windows® Operating System""},{""@Name"":""Company"",""#text"":""Microsoft Corporation""},{""@Name"":""OriginalFileName"",""#text"":""MoUSOCoreWorker.exe""},{""@Name"":""CommandLine"",""#text"":""C:\\Windows\\System32\\mousocoreworker.exe -Embedding""},{""@Name"":""CurrentDirectory"",""#text"":""C:\\Windows\\system32\\""},{""@Name"":""User"",""#text"":""NT AUTHORITY\\SYSTEM""},{""@Name"":""LogonGuid"",""#text"":""dbf410b3-a39d-6814-e703-000000000000""},{""@Name"":""LogonId"",""#text"":""0x3E7""},{""@Name"":""TerminalSessionId"",""#text"":""0""},{""@Name"":""IntegrityLevel"",""#text"":""System""},{""@Name"":""Hashes"",""#text"":""SHA256=235882DE2347DB7A4CE2BBD7599B5D8D56C93A8BC18207DBEE7173B9BAD068FE""},{""@Name"":""ParentProcessGuid"",""#text"":""dbf410b3-a39e-6814-0d00-000000004500""},{""@Name"":""ParentProcessId"",""#text"":""800""},{""@Name"":""ParentImage"",""#text"":""C:\\Windows\\System32\\svchost.exe""},{""@Name"":""ParentCommandLine"",""#text"":""C:\\Windows\\system32\\svchost.exe -k DcomLaunch -p""},{""@Name"":""ParentUser"",""#text"":""NT AUTHORITY\\SYSTEM""}]}}"
43603,61755,2025-05-02 18:46:46.5859321,5,Info,Microsoft-Windows-Sysmon,Microsoft-Windows-Sysmon/Operational,2488,4156,Server002,807,S-1-5-18,Process terminated,SERVER002\lplui,,"ProcessID: 4412, ProcessGUID: dbf410b3-12d0-6815-ed03-000000004500",,,,,,C:\Windows\System32\backgroundTaskHost.exe,False,D:\benign_log_combined_latest_used_actually\new_benign\sysmon_48113.evtx,Classic,0,"{""EventData"":{""Data"":[{""@Name"":""RuleName"",""#text"":""-""},{""@Name"":""UtcTime"",""#text"":""2025-05-02 18:46:46.582""},{""@Name"":""ProcessGuid"",""#text"":""dbf410b3-12d0-6815-ed03-000000004500""},{""@Name"":""ProcessId"",""#text"":""4412""},{""@Name"":""Image"",""#text"":""C:\\Windows\\System32\\backgroundTaskHost.exe""},{""@Name"":""User"",""#text"":""SERVER002\\lplui""}]}}"
43604,61756,2025-05-02 18:47:14.0791773,5,Info,Microsoft-Windows-Sysmon,Microsoft-Windows-Sysmon/Operational,2488,4156,Server002,807,S-1-5-18,Process terminated,SERVER002\lplui,,"ProcessID: 10772, ProcessGUID: dbf410b3-12d2-6815-ee03-000000004500",,,,,,C:\Windows\System32\RuntimeBroker.exe,False,D:\benign_log_combined_latest_used_actually\new_benign\sysmon_48113.evtx,Classic,0,"{""EventData"":{""Data"":[{""@Name"":""RuleName"",""#text"":""-""},{""@Name"":""UtcTime"",""#text"":""2025-05-02 18:47:14.076""},{""@Name"":""ProcessGuid"",""#text"":""dbf410b3-12d2-6815-ee03-000000004500""},{""@Name"":""ProcessId"",""#text"":""10772""},{""@Name"":""Image"",""#text"":""C:\\Windows\\System32\\RuntimeBroker.exe""},{""@Name"":""User"",""#text"":""SERVER002\\lplui""}]}}"
43605,61757,2025-05-02 18:47:32.1694538,5,Info,Microsoft-Windows-Sysmon,Microsoft-Windows-Sysmon/Operational,2488,4156,Server002,807,S-1-5-18,Process terminated,NT AUTHORITY\SYSTEM,,"ProcessID: 100, ProcessGUID: dbf410b3-130a-6815-f003-000000004500",,,,,,C:\Windows\System32\MoUsoCoreWorker.exe,False,D:\benign_log_combined_latest_used_actually\new_benign\sysmon_48113.evtx,Classic,0,"{""EventData"":{""Data"":[{""@Name"":""RuleName"",""#text"":""-""},{""@Name"":""UtcTime"",""#text"":""2025-05-02 18:47:32.167""},{""@Name"":""ProcessGuid"",""#text"":""dbf410b3-130a-6815-f003-000000004500""},{""@Name"":""ProcessId"",""#text"":""100""},{""@Name"":""Image"",""#text"":""C:\\Windows\\System32\\MoUsoCoreWorker.exe""},{""@Name"":""User"",""#text"":""NT AUTHORITY\\SYSTEM""}]}}"
43606,61758,2025-05-02 18:50:38.7813250,5,Info,Microsoft-Windows-Sysmon,Microsoft-Windows-Sysmon/Operational,2488,4156,Server002,807,S-1-5-18,Process terminated,NT AUTHORITY\SYSTEM,,"ProcessID: 10184, ProcessGUID: dbf410b3-12d0-6815-ec03-000000004500",,,,,,C:\Windows\System32\svchost.exe,False,D:\benign_log_combined_latest_used_actually\new_benign\sysmon_48113.evtx,Classic,0,"{""EventData"":{""Data"":[{""@Name"":""RuleName"",""#text"":""-""},{""@Name"":""UtcTime"",""#text"":""2025-05-02 18:50:38.779""},{""@Name"":""ProcessGuid"",""#text"":""dbf410b3-12d0-6815-ec03-000000004500""},{""@Name"":""ProcessId"",""#text"":""10184""},{""@Name"":""Image"",""#text"":""C:\\Windows\\System32\\svchost.exe""},{""@Name"":""User"",""#text"":""NT AUTHORITY\\SYSTEM""}]}}"
43607,61759,2025-05-02 18:50:43.0517630,5,Info,Microsoft-Windows-Sysmon,Microsoft-Windows-Sysmon/Operational,2488,4156,Server002,807,S-1-5-18,Process terminated,NT AUTHORITY\SYSTEM,,"ProcessID: 10804, ProcessGUID: dbf410b3-12d3-6815-ef03-000000004500",,,,,,C:\Windows\System32\svchost.exe,False,D:\benign_log_combined_latest_used_actually\new_benign\sysmon_48113.evtx,Classic,0,"{""EventData"":{""Data"":[{""@Name"":""RuleName"",""#text"":""-""},{""@Name"":""UtcTime"",""#text"":""2025-05-02 18:50:43.050""},{""@Name"":""ProcessGuid"",""#text"":""dbf410b3-12d3-6815-ef03-000000004500""},{""@Name"":""ProcessId"",""#text"":""10804""},{""@Name"":""Image"",""#text"":""C:\\Windows\\System32\\svchost.exe""},{""@Name"":""User"",""#text"":""NT AUTHORITY\\SYSTEM""}]}}"
43608,61760,2025-05-02 18:51:17.0360717,1,Info,Microsoft-Windows-Sysmon,Microsoft-Windows-Sysmon/Operational,2488,4156,Server002,807,S-1-5-18,Process creation,NT AUTHORITY\SYSTEM,,"ProcessID: 10740, ProcessGUID: dbf410b3-1425-6815-f103-000000004500",RuleName: -,SHA256=6FC3BF1FDFD76860BE782554F8D25BD32F108DB934D70F4253F1E5F23522E503,ParentProcess: C:\Windows\System32\services.exe,"ParentProcessID: 676, ParentProcessGUID: dbf410b3-a39d-6814-0b00-000000004500",ParentCommandLine: C:\Windows\system32\services.exe,C:\Windows\system32\svchost.exe -k wsappx -p -s AppXSvc,False,D:\benign_log_combined_latest_used_actually\new_benign\sysmon_48113.evtx,Classic,0,"{""EventData"":{""Data"":[{""@Name"":""RuleName"",""#text"":""-""},{""@Name"":""UtcTime"",""#text"":""2025-05-02 18:51:17.027""},{""@Name"":""ProcessGuid"",""#text"":""dbf410b3-1425-6815-f103-000000004500""},{""@Name"":""ProcessId"",""#text"":""10740""},{""@Name"":""Image"",""#text"":""C:\\Windows\\System32\\svchost.exe""},{""@Name"":""FileVersion"",""#text"":""10.0.19041.4355 (WinBuild.160101.0800)""},{""@Name"":""Description"",""#text"":""Host Process for Windows Services""},{""@Name"":""Product"",""#text"":""Microsoft® Windows® Operating System""},{""@Name"":""Company"",""#text"":""Microsoft Corporation""},{""@Name"":""OriginalFileName"",""#text"":""svchost.exe""},{""@Name"":""CommandLine"",""#text"":""C:\\Windows\\system32\\svchost.exe -k wsappx -p -s AppXSvc""},{""@Name"":""CurrentDirectory"",""#text"":""C:\\Windows\\system32\\""},{""@Name"":""User"",""#text"":""NT AUTHORITY\\SYSTEM""},{""@Name"":""LogonGuid"",""#text"":""dbf410b3-a39d-6814-e703-000000000000""},{""@Name"":""LogonId"",""#text"":""0x3E7""},{""@Name"":""TerminalSessionId"",""#text"":""0""},{""@Name"":""IntegrityLevel"",""#text"":""System""},{""@Name"":""Hashes"",""#text"":""SHA256=6FC3BF1FDFD76860BE782554F8D25BD32F108DB934D70F4253F1E5F23522E503""},{""@Name"":""ParentProcessGuid"",""#text"":""dbf410b3-a39d-6814-0b00-000000004500""},{""@Name"":""ParentProcessId"",""#text"":""676""},{""@Name"":""ParentImage"",""#text"":""C:\\Windows\\System32\\services.exe""},{""@Name"":""ParentCommandLine"",""#text"":""C:\\Windows\\system32\\services.exe""},{""@Name"":""ParentUser"",""#text"":""NT AUTHORITY\\SYSTEM""}]}}"
43609,61761,2025-05-02 18:51:24.8879282,1,Info,Microsoft-Windows-Sysmon,Microsoft-Windows-Sysmon/Operational,2488,4156,Server002,807,S-1-5-18,Process creation,NT AUTHORITY\SYSTEM,,"ProcessID: 7088, ProcessGUID: dbf410b3-142c-6815-f203-000000004500",RuleName: -,SHA256=1C7B7E7026EF8307BF33AFDADF1D49E7C1EE4C829260B4F6988185D22D7BCC3A,ParentProcess: C:\Windows\System32\svchost.exe,"ParentProcessID: 1140, ParentProcessGUID: dbf410b3-a3a0-6814-1900-000000004500",ParentCommandLine: C:\Windows\system32\svchost.exe -k netsvcs -p -s Schedule,taskhostw.exe SYSTEM,False,D:\benign_log_combined_latest_used_actually\new_benign\sysmon_48113.evtx,Classic,0,"{""EventData"":{""Data"":[{""@Name"":""RuleName"",""#text"":""-""},{""@Name"":""UtcTime"",""#text"":""2025-05-02 18:51:24.882""},{""@Name"":""ProcessGuid"",""#text"":""dbf410b3-142c-6815-f203-000000004500""},{""@Name"":""ProcessId"",""#text"":""7088""},{""@Name"":""Image"",""#text"":""C:\\Windows\\System32\\taskhostw.exe""},{""@Name"":""FileVersion"",""#text"":""10.0.19041.4474 (WinBuild.160101.0800)""},{""@Name"":""Description"",""#text"":""Host Process for Windows Tasks""},{""@Name"":""Product"",""#text"":""Microsoft® Windows® Operating System""},{""@Name"":""Company"",""#text"":""Microsoft Corporation""},{""@Name"":""OriginalFileName"",""#text"":""taskhostw.exe""},{""@Name"":""CommandLine"",""#text"":""taskhostw.exe SYSTEM""},{""@Name"":""CurrentDirectory"",""#text"":""C:\\Windows\\system32\\""},{""@Name"":""User"",""#text"":""NT AUTHORITY\\SYSTEM""},{""@Name"":""LogonGuid"",""#text"":""dbf410b3-a39d-6814-e703-000000000000""},{""@Name"":""LogonId"",""#text"":""0x3E7""},{""@Name"":""TerminalSessionId"",""#text"":""0""},{""@Name"":""IntegrityLevel"",""#text"":""System""},{""@Name"":""Hashes"",""#text"":""SHA256=1C7B7E7026EF8307BF33AFDADF1D49E7C1EE4C829260B4F6988185D22D7BCC3A""},{""@Name"":""ParentProcessGuid"",""#text"":""dbf410b3-a3a0-6814-1900-000000004500""},{""@Name"":""ParentProcessId"",""#text"":""1140""},{""@Name"":""ParentImage"",""#text"":""C:\\Windows\\System32\\svchost.exe""},{""@Name"":""ParentCommandLine"",""#text"":""C:\\Windows\\system32\\svchost.exe -k netsvcs -p -s Schedule""},{""@Name"":""ParentUser"",""#text"":""NT AUTHORITY\\SYSTEM""}]}}"
43610,61762,2025-05-02 18:51:24.9431002,1,Info,Microsoft-Windows-Sysmon,Microsoft-Windows-Sysmon/Operational,2488,4156,Server002,807,S-1-5-18,Process creation,SERVER002\lplui,,"ProcessID: 11104, ProcessGUID: dbf410b3-142c-6815-f303-000000004500",RuleName: -,SHA256=7077CBF56490C86FC74C0CC6C0379AB679F06A066E71906AD23458F664836449,ParentProcess: C:\Windows\System32\svchost.exe,"ParentProcessID: 800, ParentProcessGUID: dbf410b3-a39e-6814-0d00-000000004500",ParentCommandLine: C:\Windows\system32\svchost.exe -k DcomLaunch -p,"""C:\Windows\system32\backgroundTaskHost.exe"" -ServerName:Global.Accounts.AppXqe94epy97qwa6w3j6w132e8zvcs117nd.mca",False,D:\benign_log_combined_latest_used_actually\new_benign\sysmon_48113.evtx,Classic,0,"{""EventData"":{""Data"":[{""@Name"":""RuleName"",""#text"":""-""},{""@Name"":""UtcTime"",""#text"":""2025-05-02 18:51:24.935""},{""@Name"":""ProcessGuid"",""#text"":""dbf410b3-142c-6815-f303-000000004500""},{""@Name"":""ProcessId"",""#text"":""11104""},{""@Name"":""Image"",""#text"":""C:\\Windows\\System32\\backgroundTaskHost.exe""},{""@Name"":""FileVersion"",""#text"":""10.0.19041.3636 (WinBuild.160101.0800)""},{""@Name"":""Description"",""#text"":""Background Task Host""},{""@Name"":""Product"",""#text"":""Microsoft® Windows® Operating System""},{""@Name"":""Company"",""#text"":""Microsoft Corporation""},{""@Name"":""OriginalFileName"",""#text"":""backgroundTaskHost.exe""},{""@Name"":""CommandLine"",""#text"":""\""C:\\Windows\\system32\\backgroundTaskHost.exe\"" -ServerName:Global.Accounts.AppXqe94epy97qwa6w3j6w132e8zvcs117nd.mca""},{""@Name"":""CurrentDirectory"",""#text"":""C:\\Windows\\SystemApps\\MicrosoftWindows.Client.CBS_cw5n1h2txyewy\\""},{""@Name"":""User"",""#text"":""SERVER002\\lplui""},{""@Name"":""LogonGuid"",""#text"":""dbf410b3-8789-6814-3797-030000000000""},{""@Name"":""LogonId"",""#text"":""0x39737""},{""@Name"":""TerminalSessionId"",""#text"":""1""},{""@Name"":""IntegrityLevel"",""#text"":""AppContainer""},{""@Name"":""Hashes"",""#text"":""SHA256=7077CBF56490C86FC74C0CC6C0379AB679F06A066E71906AD23458F664836449""},{""@Name"":""ParentProcessGuid"",""#text"":""dbf410b3-a39e-6814-0d00-000000004500""},{""@Name"":""ParentProcessId"",""#text"":""800""},{""@Name"":""ParentImage"",""#text"":""C:\\Windows\\System32\\svchost.exe""},{""@Name"":""ParentCommandLine"",""#text"":""C:\\Windows\\system32\\svchost.exe -k DcomLaunch -p""},{""@Name"":""ParentUser"",""#text"":""NT AUTHORITY\\SYSTEM""}]}}"
43611,61763,2025-05-02 18:51:25.0495660,5,Info,Microsoft-Windows-Sysmon,Microsoft-Windows-Sysmon/Operational,2488,4156,Server002,807,S-1-5-18,Process terminated,NT AUTHORITY\SYSTEM,,"ProcessID: 7088, ProcessGUID: dbf410b3-142c-6815-f203-000000004500",,,,,,C:\Windows\System32\taskhostw.exe,False,D:\benign_log_combined_latest_used_actually\new_benign\sysmon_48113.evtx,Classic,0,"{""EventData"":{""Data"":[{""@Name"":""RuleName"",""#text"":""-""},{""@Name"":""UtcTime"",""#text"":""2025-05-02 18:51:25.049""},{""@Name"":""ProcessGuid"",""#text"":""dbf410b3-142c-6815-f203-000000004500""},{""@Name"":""ProcessId"",""#text"":""7088""},{""@Name"":""Image"",""#text"":""C:\\Windows\\System32\\taskhostw.exe""},{""@Name"":""User"",""#text"":""NT AUTHORITY\\SYSTEM""}]}}"
43612,61764,2025-05-02 18:51:25.1776940,1,Info,Microsoft-Windows-Sysmon,Microsoft-Windows-Sysmon/Operational,2488,4156,Server002,807,S-1-5-18,Process creation,SERVER002\lplui,,"ProcessID: 6976, ProcessGUID: dbf410b3-142d-6815-f403-000000004500",RuleName: -,SHA256=579DFCED8F02A7E1E6E8DF10C400117D3127EAD7231776A1E467EB507261E920,ParentProcess: C:\Windows\System32\svchost.exe,"ParentProcessID: 800, ParentProcessGUID: dbf410b3-a39e-6814-0d00-000000004500",ParentCommandLine: C:\Windows\system32\svchost.exe -k DcomLaunch -p,C:\Windows\System32\RuntimeBroker.exe -Embedding,False,D:\benign_log_combined_latest_used_actually\new_benign\sysmon_48113.evtx,Classic,0,"{""EventData"":{""Data"":[{""@Name"":""RuleName"",""#text"":""-""},{""@Name"":""UtcTime"",""#text"":""2025-05-02 18:51:25.173""},{""@Name"":""ProcessGuid"",""#text"":""dbf410b3-142d-6815-f403-000000004500""},{""@Name"":""ProcessId"",""#text"":""6976""},{""@Name"":""Image"",""#text"":""C:\\Windows\\System32\\RuntimeBroker.exe""},{""@Name"":""FileVersion"",""#text"":""10.0.19041.4355 (WinBuild.160101.0800)""},{""@Name"":""Description"",""#text"":""Runtime Broker""},{""@Name"":""Product"",""#text"":""Microsoft® Windows® Operating System""},{""@Name"":""Company"",""#text"":""Microsoft Corporation""},{""@Name"":""OriginalFileName"",""#text"":""RuntimeBroker.exe""},{""@Name"":""CommandLine"",""#text"":""C:\\Windows\\System32\\RuntimeBroker.exe -Embedding""},{""@Name"":""CurrentDirectory"",""#text"":""C:\\Windows\\system32\\""},{""@Name"":""User"",""#text"":""SERVER002\\lplui""},{""@Name"":""LogonGuid"",""#text"":""dbf410b3-8789-6814-3797-030000000000""},{""@Name"":""LogonId"",""#text"":""0x39737""},{""@Name"":""TerminalSessionId"",""#text"":""1""},{""@Name"":""IntegrityLevel"",""#text"":""Medium""},{""@Name"":""Hashes"",""#text"":""SHA256=579DFCED8F02A7E1E6E8DF10C400117D3127EAD7231776A1E467EB507261E920""},{""@Name"":""ParentProcessGuid"",""#text"":""dbf410b3-a39e-6814-0d00-000000004500""},{""@Name"":""ParentProcessId"",""#text"":""800""},{""@Name"":""ParentImage"",""#text"":""C:\\Windows\\System32\\svchost.exe""},{""@Name"":""ParentCommandLine"",""#text"":""C:\\Windows\\system32\\svchost.exe -k DcomLaunch -p""},{""@Name"":""ParentUser"",""#text"":""NT AUTHORITY\\SYSTEM""}]}}"
43613,61765,2025-05-02 18:51:31.8562166,1,Info,Microsoft-Windows-Sysmon,Microsoft-Windows-Sysmon/Operational,2488,4156,Server002,807,S-1-5-18,Process creation,NT AUTHORITY\SYSTEM,,"ProcessID: 8228, ProcessGUID: dbf410b3-1433-6815-f503-000000004500",RuleName: -,SHA256=235882DE2347DB7A4CE2BBD7599B5D8D56C93A8BC18207DBEE7173B9BAD068FE,ParentProcess: C:\Windows\System32\svchost.exe,"ParentProcessID: 800, ParentProcessGUID: dbf410b3-a39e-6814-0d00-000000004500",ParentCommandLine: C:\Windows\system32\svchost.exe -k DcomLaunch -p,C:\Windows\System32\mousocoreworker.exe -Embedding,False,D:\benign_log_combined_latest_used_actually\new_benign\sysmon_48113.evtx,Classic,0,"{""EventData"":{""Data"":[{""@Name"":""RuleName"",""#text"":""-""},{""@Name"":""UtcTime"",""#text"":""2025-05-02 18:51:31.850""},{""@Name"":""ProcessGuid"",""#text"":""dbf410b3-1433-6815-f503-000000004500""},{""@Name"":""ProcessId"",""#text"":""8228""},{""@Name"":""Image"",""#text"":""C:\\Windows\\System32\\MoUsoCoreWorker.exe""},{""@Name"":""FileVersion"",""#text"":""10.0.19041.5678 (WinBuild.160101.0800)""},{""@Name"":""Description"",""#text"":""MoUSO Core Worker Process""},{""@Name"":""Product"",""#text"":""Microsoft® Windows® Operating System""},{""@Name"":""Company"",""#text"":""Microsoft Corporation""},{""@Name"":""OriginalFileName"",""#text"":""MoUSOCoreWorker.exe""},{""@Name"":""CommandLine"",""#text"":""C:\\Windows\\System32\\mousocoreworker.exe -Embedding""},{""@Name"":""CurrentDirectory"",""#text"":""C:\\Windows\\system32\\""},{""@Name"":""User"",""#text"":""NT AUTHORITY\\SYSTEM""},{""@Name"":""LogonGuid"",""#text"":""dbf410b3-a39d-6814-e703-000000000000""},{""@Name"":""LogonId"",""#text"":""0x3E7""},{""@Name"":""TerminalSessionId"",""#text"":""0""},{""@Name"":""IntegrityLevel"",""#text"":""System""},{""@Name"":""Hashes"",""#text"":""SHA256=235882DE2347DB7A4CE2BBD7599B5D8D56C93A8BC18207DBEE7173B9BAD068FE""},{""@Name"":""ParentProcessGuid"",""#text"":""dbf410b3-a39e-6814-0d00-000000004500""},{""@Name"":""ParentProcessId"",""#text"":""800""},{""@Name"":""ParentImage"",""#text"":""C:\\Windows\\System32\\svchost.exe""},{""@Name"":""ParentCommandLine"",""#text"":""C:\\Windows\\system32\\svchost.exe -k DcomLaunch -p""},{""@Name"":""ParentUser"",""#text"":""NT AUTHORITY\\SYSTEM""}]}}"
43614,61766,2025-05-02 18:51:57.7133023,1,Info,Microsoft-Windows-Sysmon,Microsoft-Windows-Sysmon/Operational,2488,4156,Server002,807,S-1-5-18,Process creation,SERVER002\lplui,,"ProcessID: 4908, ProcessGUID: dbf410b3-144d-6815-f603-000000004500",RuleName: -,SHA256=B7B20F19DE611698C5CAE2677B63494A5C61CB74179012E1C63C7F7EB3ECC6AF,ParentProcess: C:\Windows\System32\svchost.exe,"ParentProcessID: 800, ParentProcessGUID: dbf410b3-a39e-6814-0d00-000000004500",ParentCommandLine: C:\Windows\system32\svchost.exe -k DcomLaunch -p,"""C:\Program Files\Microsoft OneDrive\25.065.0406.0002\FileCoAuth.exe"" -Embedding",False,D:\benign_log_combined_latest_used_actually\new_benign\sysmon_48113.evtx,Classic,0,"{""EventData"":{""Data"":[{""@Name"":""RuleName"",""#text"":""-""},{""@Name"":""UtcTime"",""#text"":""2025-05-02 18:51:57.709""},{""@Name"":""ProcessGuid"",""#text"":""dbf410b3-144d-6815-f603-000000004500""},{""@Name"":""ProcessId"",""#text"":""4908""},{""@Name"":""Image"",""#text"":""C:\\Program Files\\Microsoft OneDrive\\25.065.0406.0002\\FileCoAuth.exe""},{""@Name"":""FileVersion"",""#text"":""25.065.0406.0002""},{""@Name"":""Description"",""#text"":""Microsoft OneDriveFile Co-Authoring Executable""},{""@Name"":""Product"",""#text"":""Microsoft OneDrive""},{""@Name"":""Company"",""#text"":""Microsoft Corporation""},{""@Name"":""OriginalFileName"",""#text"":""FileCoAuth.exe""},{""@Name"":""CommandLine"",""#text"":""\""C:\\Program Files\\Microsoft OneDrive\\25.065.0406.0002\\FileCoAuth.exe\"" -Embedding""},{""@Name"":""CurrentDirectory"",""#text"":""C:\\Windows\\system32\\""},{""@Name"":""User"",""#text"":""SERVER002\\lplui""},{""@Name"":""LogonGuid"",""#text"":""dbf410b3-8789-6814-3797-030000000000""},{""@Name"":""LogonId"",""#text"":""0x39737""},{""@Name"":""TerminalSessionId"",""#text"":""1""},{""@Name"":""IntegrityLevel"",""#text"":""Medium""},{""@Name"":""Hashes"",""#text"":""SHA256=B7B20F19DE611698C5CAE2677B63494A5C61CB74179012E1C63C7F7EB3ECC6AF""},{""@Name"":""ParentProcessGuid"",""#text"":""dbf410b3-a39e-6814-0d00-000000004500""},{""@Name"":""ParentProcessId"",""#text"":""800""},{""@Name"":""ParentImage"",""#text"":""C:\\Windows\\System32\\svchost.exe""},{""@Name"":""ParentCommandLine"",""#text"":""C:\\Windows\\system32\\svchost.exe -k DcomLaunch -p""},{""@Name"":""ParentUser"",""#text"":""NT AUTHORITY\\SYSTEM""}]}}"
43615,61767,2025-05-02 18:52:05.6484401,5,Info,Microsoft-Windows-Sysmon,Microsoft-Windows-Sysmon/Operational,2488,4156,Server002,807,S-1-5-18,Process terminated,SERVER002\lplui,,"ProcessID: 4908, ProcessGUID: dbf410b3-144d-6815-f603-000000004500",,,,,,C:\Program Files\Microsoft OneDrive\25.065.0406.0002\FileCoAuth.exe,False,D:\benign_log_combined_latest_used_actually\new_benign\sysmon_48113.evtx,Classic,0,"{""EventData"":{""Data"":[{""@Name"":""RuleName"",""#text"":""-""},{""@Name"":""UtcTime"",""#text"":""2025-05-02 18:52:05.646""},{""@Name"":""ProcessGuid"",""#text"":""dbf410b3-144d-6815-f603-000000004500""},{""@Name"":""ProcessId"",""#text"":""4908""},{""@Name"":""Image"",""#text"":""C:\\Program Files\\Microsoft OneDrive\\25.065.0406.0002\\FileCoAuth.exe""},{""@Name"":""User"",""#text"":""SERVER002\\lplui""}]}}"
43616,61768,2025-05-02 18:52:22.5882044,5,Info,Microsoft-Windows-Sysmon,Microsoft-Windows-Sysmon/Operational,2488,4156,Server002,807,S-1-5-18,Process terminated,SERVER002\lplui,,"ProcessID: 11104, ProcessGUID: dbf410b3-142c-6815-f303-000000004500",,,,,,C:\Windows\System32\backgroundTaskHost.exe,False,D:\benign_log_combined_latest_used_actually\new_benign\sysmon_48113.evtx,Classic,0,"{""EventData"":{""Data"":[{""@Name"":""RuleName"",""#text"":""-""},{""@Name"":""UtcTime"",""#text"":""2025-05-02 18:52:22.586""},{""@Name"":""ProcessGuid"",""#text"":""dbf410b3-142c-6815-f303-000000004500""},{""@Name"":""ProcessId"",""#text"":""11104""},{""@Name"":""Image"",""#text"":""C:\\Windows\\System32\\backgroundTaskHost.exe""},{""@Name"":""User"",""#text"":""SERVER002\\lplui""}]}}"
43617,61769,2025-05-02 18:52:33.5461083,5,Info,Microsoft-Windows-Sysmon,Microsoft-Windows-Sysmon/Operational,2488,4156,Server002,807,S-1-5-18,Process terminated,NT AUTHORITY\SYSTEM,,"ProcessID: 6620, ProcessGUID: dbf410b3-1218-6815-ea03-000000004500",,,,,,C:\Windows\System32\svchost.exe,False,D:\benign_log_combined_latest_used_actually\new_benign\sysmon_48113.evtx,Classic,0,"{""EventData"":{""Data"":[{""@Name"":""RuleName"",""#text"":""-""},{""@Name"":""UtcTime"",""#text"":""2025-05-02 18:52:33.544""},{""@Name"":""ProcessGuid"",""#text"":""dbf410b3-1218-6815-ea03-000000004500""},{""@Name"":""ProcessId"",""#text"":""6620""},{""@Name"":""Image"",""#text"":""C:\\Windows\\System32\\svchost.exe""},{""@Name"":""User"",""#text"":""NT AUTHORITY\\SYSTEM""}]}}"
43618,61770,2025-05-02 18:52:37.2405399,5,Info,Microsoft-Windows-Sysmon,Microsoft-Windows-Sysmon/Operational,2488,4156,Server002,807,S-1-5-18,Process terminated,NT AUTHORITY\SYSTEM,,"ProcessID: 8228, ProcessGUID: dbf410b3-1433-6815-f503-000000004500",,,,,,C:\Windows\System32\MoUsoCoreWorker.exe,False,D:\benign_log_combined_latest_used_actually\new_benign\sysmon_48113.evtx,Classic,0,"{""EventData"":{""Data"":[{""@Name"":""RuleName"",""#text"":""-""},{""@Name"":""UtcTime"",""#text"":""2025-05-02 18:52:37.238""},{""@Name"":""ProcessGuid"",""#text"":""dbf410b3-1433-6815-f503-000000004500""},{""@Name"":""ProcessId"",""#text"":""8228""},{""@Name"":""Image"",""#text"":""C:\\Windows\\System32\\MoUsoCoreWorker.exe""},{""@Name"":""User"",""#text"":""NT AUTHORITY\\SYSTEM""}]}}"
43619,61771,2025-05-02 18:52:57.0057240,5,Info,Microsoft-Windows-Sysmon,Microsoft-Windows-Sysmon/Operational,2488,4156,Server002,807,S-1-5-18,Process terminated,SERVER002\lplui,,"ProcessID: 6976, ProcessGUID: dbf410b3-142d-6815-f403-000000004500",,,,,,C:\Windows\System32\RuntimeBroker.exe,False,D:\benign_log_combined_latest_used_actually\new_benign\sysmon_48113.evtx,Classic,0,"{""EventData"":{""Data"":[{""@Name"":""RuleName"",""#text"":""-""},{""@Name"":""UtcTime"",""#text"":""2025-05-02 18:52:57.005""},{""@Name"":""ProcessGuid"",""#text"":""dbf410b3-142d-6815-f403-000000004500""},{""@Name"":""ProcessId"",""#text"":""6976""},{""@Name"":""Image"",""#text"":""C:\\Windows\\System32\\RuntimeBroker.exe""},{""@Name"":""User"",""#text"":""SERVER002\\lplui""}]}}"
43620,61772,2025-05-02 18:54:42.1028727,1,Info,Microsoft-Windows-Sysmon,Microsoft-Windows-Sysmon/Operational,2488,4156,Server002,807,S-1-5-18,Process creation,SERVER002\lplui,,"ProcessID: 10064, ProcessGUID: dbf410b3-14f2-6815-f703-000000004500",RuleName: -,SHA256=7077CBF56490C86FC74C0CC6C0379AB679F06A066E71906AD23458F664836449,ParentProcess: C:\Windows\System32\svchost.exe,"ParentProcessID: 800, ParentProcessGUID: dbf410b3-a39e-6814-0d00-000000004500",ParentCommandLine: C:\Windows\system32\svchost.exe -k DcomLaunch -p,"""C:\Windows\system32\backgroundTaskHost.exe"" -ServerName:Global.DesktopSpotlight.AppXz2j21w56bgxkgsjhtn7zkjsepq96erz2.mca",False,D:\benign_log_combined_latest_used_actually\new_benign\sysmon_48113.evtx,Classic,0,"{""EventData"":{""Data"":[{""@Name"":""RuleName"",""#text"":""-""},{""@Name"":""UtcTime"",""#text"":""2025-05-02 18:54:42.087""},{""@Name"":""ProcessGuid"",""#text"":""dbf410b3-14f2-6815-f703-000000004500""},{""@Name"":""ProcessId"",""#text"":""10064""},{""@Name"":""Image"",""#text"":""C:\\Windows\\System32\\backgroundTaskHost.exe""},{""@Name"":""FileVersion"",""#text"":""10.0.19041.3636 (WinBuild.160101.0800)""},{""@Name"":""Description"",""#text"":""Background Task Host""},{""@Name"":""Product"",""#text"":""Microsoft® Windows® Operating System""},{""@Name"":""Company"",""#text"":""Microsoft Corporation""},{""@Name"":""OriginalFileName"",""#text"":""backgroundTaskHost.exe""},{""@Name"":""CommandLine"",""#text"":""\""C:\\Windows\\system32\\backgroundTaskHost.exe\"" -ServerName:Global.DesktopSpotlight.AppXz2j21w56bgxkgsjhtn7zkjsepq96erz2.mca""},{""@Name"":""CurrentDirectory"",""#text"":""C:\\Windows\\SystemApps\\MicrosoftWindows.Client.CBS_cw5n1h2txyewy\\""},{""@Name"":""User"",""#text"":""SERVER002\\lplui""},{""@Name"":""LogonGuid"",""#text"":""dbf410b3-8789-6814-3797-030000000000""},{""@Name"":""LogonId"",""#text"":""0x39737""},{""@Name"":""TerminalSessionId"",""#text"":""1""},{""@Name"":""IntegrityLevel"",""#text"":""AppContainer""},{""@Name"":""Hashes"",""#text"":""SHA256=7077CBF56490C86FC74C0CC6C0379AB679F06A066E71906AD23458F664836449""},{""@Name"":""ParentProcessGuid"",""#text"":""dbf410b3-a39e-6814-0d00-000000004500""},{""@Name"":""ParentProcessId"",""#text"":""800""},{""@Name"":""ParentImage"",""#text"":""C:\\Windows\\System32\\svchost.exe""},{""@Name"":""ParentCommandLine"",""#text"":""C:\\Windows\\system32\\svchost.exe -k DcomLaunch -p""},{""@Name"":""ParentUser"",""#text"":""NT AUTHORITY\\SYSTEM""}]}}"
43621,61773,2025-05-02 18:54:42.1123660,1,Info,Microsoft-Windows-Sysmon,Microsoft-Windows-Sysmon/Operational,2488,4156,Server002,807,S-1-5-18,Process creation,SERVER002\lplui,,"ProcessID: 10772, ProcessGUID: dbf410b3-14f2-6815-f803-000000004500",RuleName: -,SHA256=7077CBF56490C86FC74C0CC6C0379AB679F06A066E71906AD23458F664836449,ParentProcess: C:\Windows\System32\svchost.exe,"ParentProcessID: 800, ParentProcessGUID: dbf410b3-a39e-6814-0d00-000000004500",ParentCommandLine: C:\Windows\system32\svchost.exe -k DcomLaunch -p,"""C:\Windows\system32\backgroundTaskHost.exe"" -ServerName:App.AppXnme9zjyebb2xnyygh6q9ev6p5d234br2.mca",False,D:\benign_log_combined_latest_used_actually\new_benign\sysmon_48113.evtx,Classic,0,"{""EventData"":{""Data"":[{""@Name"":""RuleName"",""#text"":""-""},{""@Name"":""UtcTime"",""#text"":""2025-05-02 18:54:42.105""},{""@Name"":""ProcessGuid"",""#text"":""dbf410b3-14f2-6815-f803-000000004500""},{""@Name"":""ProcessId"",""#text"":""10772""},{""@Name"":""Image"",""#text"":""C:\\Windows\\System32\\backgroundTaskHost.exe""},{""@Name"":""FileVersion"",""#text"":""10.0.19041.3636 (WinBuild.160101.0800)""},{""@Name"":""Description"",""#text"":""Background Task Host""},{""@Name"":""Product"",""#text"":""Microsoft® Windows® Operating System""},{""@Name"":""Company"",""#text"":""Microsoft Corporation""},{""@Name"":""OriginalFileName"",""#text"":""backgroundTaskHost.exe""},{""@Name"":""CommandLine"",""#text"":""\""C:\\Windows\\system32\\backgroundTaskHost.exe\"" -ServerName:App.AppXnme9zjyebb2xnyygh6q9ev6p5d234br2.mca""},{""@Name"":""CurrentDirectory"",""#text"":""C:\\Program Files\\WindowsApps\\Microsoft.Todos_2.143.2921.0_x64__8wekyb3d8bbwe\\""},{""@Name"":""User"",""#text"":""SERVER002\\lplui""},{""@Name"":""LogonGuid"",""#text"":""dbf410b3-8789-6814-3797-030000000000""},{""@Name"":""LogonId"",""#text"":""0x39737""},{""@Name"":""TerminalSessionId"",""#text"":""1""},{""@Name"":""IntegrityLevel"",""#text"":""AppContainer""},{""@Name"":""Hashes"",""#text"":""SHA256=7077CBF56490C86FC74C0CC6C0379AB679F06A066E71906AD23458F664836449""},{""@Name"":""ParentProcessGuid"",""#text"":""dbf410b3-a39e-6814-0d00-000000004500""},{""@Name"":""ParentProcessId"",""#text"":""800""},{""@Name"":""ParentImage"",""#text"":""C:\\Windows\\System32\\svchost.exe""},{""@Name"":""ParentCommandLine"",""#text"":""C:\\Windows\\system32\\svchost.exe -k DcomLaunch -p""},{""@Name"":""ParentUser"",""#text"":""NT AUTHORITY\\SYSTEM""}]}}"
43622,61774,2025-05-02 18:54:42.1514457,1,Info,Microsoft-Windows-Sysmon,Microsoft-Windows-Sysmon/Operational,2488,4156,Server002,808,S-1-5-18,Process creation,SERVER002\lplui,,"ProcessID: 4464, ProcessGUID: dbf410b3-14f2-6815-f903-000000004500",RuleName: -,SHA256=7077CBF56490C86FC74C0CC6C0379AB679F06A066E71906AD23458F664836449,ParentProcess: C:\Windows\System32\svchost.exe,"ParentProcessID: 800, ParentProcessGUID: dbf410b3-a39e-6814-0d00-000000004500",ParentCommandLine: C:\Windows\system32\svchost.exe -k DcomLaunch -p,"""C:\Windows\system32\backgroundTaskHost.exe"" -ServerName:App.AppXmtcan0h2tfbfy7k9kn8hbxb6dmzz1zh0.mca",False,D:\benign_log_combined_latest_used_actually\new_benign\sysmon_48113.evtx,Classic,0,"{""EventData"":{""Data"":[{""@Name"":""RuleName"",""#text"":""-""},{""@Name"":""UtcTime"",""#text"":""2025-05-02 18:54:42.147""},{""@Name"":""ProcessGuid"",""#text"":""dbf410b3-14f2-6815-f903-000000004500""},{""@Name"":""ProcessId"",""#text"":""4464""},{""@Name"":""Image"",""#text"":""C:\\Windows\\System32\\backgroundTaskHost.exe""},{""@Name"":""FileVersion"",""#text"":""10.0.19041.3636 (WinBuild.160101.0800)""},{""@Name"":""Description"",""#text"":""Background Task Host""},{""@Name"":""Product"",""#text"":""Microsoft® Windows® Operating System""},{""@Name"":""Company"",""#text"":""Microsoft Corporation""},{""@Name"":""OriginalFileName"",""#text"":""backgroundTaskHost.exe""},{""@Name"":""CommandLine"",""#text"":""\""C:\\Windows\\system32\\backgroundTaskHost.exe\"" -ServerName:App.AppXmtcan0h2tfbfy7k9kn8hbxb6dmzz1zh0.mca""},{""@Name"":""CurrentDirectory"",""#text"":""C:\\Windows\\SystemApps\\Microsoft.Windows.ContentDeliveryManager_cw5n1h2txyewy\\""},{""@Name"":""User"",""#text"":""SERVER002\\lplui""},{""@Name"":""LogonGuid"",""#text"":""dbf410b3-8789-6814-3797-030000000000""},{""@Name"":""LogonId"",""#text"":""0x39737""},{""@Name"":""TerminalSessionId"",""#text"":""1""},{""@Name"":""IntegrityLevel"",""#text"":""AppContainer""},{""@Name"":""Hashes"",""#text"":""SHA256=7077CBF56490C86FC74C0CC6C0379AB679F06A066E71906AD23458F664836449""},{""@Name"":""ParentProcessGuid"",""#text"":""dbf410b3-a39e-6814-0d00-000000004500""},{""@Name"":""ParentProcessId"",""#text"":""800""},{""@Name"":""ParentImage"",""#text"":""C:\\Windows\\System32\\svchost.exe""},{""@Name"":""ParentCommandLine"",""#text"":""C:\\Windows\\system32\\svchost.exe -k DcomLaunch -p""},{""@Name"":""ParentUser"",""#text"":""NT AUTHORITY\\SYSTEM""}]}}"
43623,61775,2025-05-02 18:54:42.4571696,1,Info,Microsoft-Windows-Sysmon,Microsoft-Windows-Sysmon/Operational,2488,4156,Server002,808,S-1-5-18,Process creation,SERVER002\lplui,,"ProcessID: 1204, ProcessGUID: dbf410b3-14f2-6815-fa03-000000004500",RuleName: -,SHA256=579DFCED8F02A7E1E6E8DF10C400117D3127EAD7231776A1E467EB507261E920,ParentProcess: C:\Windows\System32\svchost.exe,"ParentProcessID: 800, ParentProcessGUID: dbf410b3-a39e-6814-0d00-000000004500",ParentCommandLine: C:\Windows\system32\svchost.exe -k DcomLaunch -p,C:\Windows\System32\RuntimeBroker.exe -Embedding,False,D:\benign_log_combined_latest_used_actually\new_benign\sysmon_48113.evtx,Classic,0,"{""EventData"":{""Data"":[{""@Name"":""RuleName"",""#text"":""-""},{""@Name"":""UtcTime"",""#text"":""2025-05-02 18:54:42.449""},{""@Name"":""ProcessGuid"",""#text"":""dbf410b3-14f2-6815-fa03-000000004500""},{""@Name"":""ProcessId"",""#text"":""1204""},{""@Name"":""Image"",""#text"":""C:\\Windows\\System32\\RuntimeBroker.exe""},{""@Name"":""FileVersion"",""#text"":""10.0.19041.4355 (WinBuild.160101.0800)""},{""@Name"":""Description"",""#text"":""Runtime Broker""},{""@Name"":""Product"",""#text"":""Microsoft® Windows® Operating System""},{""@Name"":""Company"",""#text"":""Microsoft Corporation""},{""@Name"":""OriginalFileName"",""#text"":""RuntimeBroker.exe""},{""@Name"":""CommandLine"",""#text"":""C:\\Windows\\System32\\RuntimeBroker.exe -Embedding""},{""@Name"":""CurrentDirectory"",""#text"":""C:\\Windows\\system32\\""},{""@Name"":""User"",""#text"":""SERVER002\\lplui""},{""@Name"":""LogonGuid"",""#text"":""dbf410b3-8789-6814-3797-030000000000""},{""@Name"":""LogonId"",""#text"":""0x39737""},{""@Name"":""TerminalSessionId"",""#text"":""1""},{""@Name"":""IntegrityLevel"",""#text"":""Medium""},{""@Name"":""Hashes"",""#text"":""SHA256=579DFCED8F02A7E1E6E8DF10C400117D3127EAD7231776A1E467EB507261E920""},{""@Name"":""ParentProcessGuid"",""#text"":""dbf410b3-a39e-6814-0d00-000000004500""},{""@Name"":""ParentProcessId"",""#text"":""800""},{""@Name"":""ParentImage"",""#text"":""C:\\Windows\\System32\\svchost.exe""},{""@Name"":""ParentCommandLine"",""#text"":""C:\\Windows\\system32\\svchost.exe -k DcomLaunch -p""},{""@Name"":""ParentUser"",""#text"":""NT AUTHORITY\\SYSTEM""}]}}"
43624,61776,2025-05-02 18:54:42.9222622,1,Info,Microsoft-Windows-Sysmon,Microsoft-Windows-Sysmon/Operational,2488,4156,Server002,808,S-1-5-18,Process creation,SERVER002\lplui,,"ProcessID: 10764, ProcessGUID: dbf410b3-14f2-6815-fb03-000000004500",RuleName: -,SHA256=579DFCED8F02A7E1E6E8DF10C400117D3127EAD7231776A1E467EB507261E920,ParentProcess: C:\Windows\System32\svchost.exe,"ParentProcessID: 800, ParentProcessGUID: dbf410b3-a39e-6814-0d00-000000004500",ParentCommandLine: C:\Windows\system32\svchost.exe -k DcomLaunch -p,C:\Windows\System32\RuntimeBroker.exe -Embedding,False,D:\benign_log_combined_latest_used_actually\new_benign\sysmon_48113.evtx,Classic,0,"{""EventData"":{""Data"":[{""@Name"":""RuleName"",""#text"":""-""},{""@Name"":""UtcTime"",""#text"":""2025-05-02 18:54:42.918""},{""@Name"":""ProcessGuid"",""#text"":""dbf410b3-14f2-6815-fb03-000000004500""},{""@Name"":""ProcessId"",""#text"":""10764""},{""@Name"":""Image"",""#text"":""C:\\Windows\\System32\\RuntimeBroker.exe""},{""@Name"":""FileVersion"",""#text"":""10.0.19041.4355 (WinBuild.160101.0800)""},{""@Name"":""Description"",""#text"":""Runtime Broker""},{""@Name"":""Product"",""#text"":""Microsoft® Windows® Operating System""},{""@Name"":""Company"",""#text"":""Microsoft Corporation""},{""@Name"":""OriginalFileName"",""#text"":""RuntimeBroker.exe""},{""@Name"":""CommandLine"",""#text"":""C:\\Windows\\System32\\RuntimeBroker.exe -Embedding""},{""@Name"":""CurrentDirectory"",""#text"":""C:\\Windows\\system32\\""},{""@Name"":""User"",""#text"":""SERVER002\\lplui""},{""@Name"":""LogonGuid"",""#text"":""dbf410b3-8789-6814-3797-030000000000""},{""@Name"":""LogonId"",""#text"":""0x39737""},{""@Name"":""TerminalSessionId"",""#text"":""1""},{""@Name"":""IntegrityLevel"",""#text"":""Medium""},{""@Name"":""Hashes"",""#text"":""SHA256=579DFCED8F02A7E1E6E8DF10C400117D3127EAD7231776A1E467EB507261E920""},{""@Name"":""ParentProcessGuid"",""#text"":""dbf410b3-a39e-6814-0d00-000000004500""},{""@Name"":""ParentProcessId"",""#text"":""800""},{""@Name"":""ParentImage"",""#text"":""C:\\Windows\\System32\\svchost.exe""},{""@Name"":""ParentCommandLine"",""#text"":""C:\\Windows\\system32\\svchost.exe -k DcomLaunch -p""},{""@Name"":""ParentUser"",""#text"":""NT AUTHORITY\\SYSTEM""}]}}"
43625,61777,2025-05-02 18:54:43.5011547,1,Info,Microsoft-Windows-Sysmon,Microsoft-Windows-Sysmon/Operational,2488,4156,Server002,808,S-1-5-18,Process creation,SERVER002\lplui,,"ProcessID: 10012, ProcessGUID: dbf410b3-14f3-6815-fc03-000000004500",RuleName: -,SHA256=7077CBF56490C86FC74C0CC6C0379AB679F06A066E71906AD23458F664836449,ParentProcess: C:\Windows\System32\svchost.exe,"ParentProcessID: 800, ParentProcessGUID: dbf410b3-a39e-6814-0d00-000000004500",ParentCommandLine: C:\Windows\system32\svchost.exe -k DcomLaunch -p,"""C:\Windows\system32\BackgroundTaskHost.exe"" -ServerName:BackgroundTaskHost.WebAccountProvider",False,D:\benign_log_combined_latest_used_actually\new_benign\sysmon_48113.evtx,Classic,0,"{""EventData"":{""Data"":[{""@Name"":""RuleName"",""#text"":""-""},{""@Name"":""UtcTime"",""#text"":""2025-05-02 18:54:43.497""},{""@Name"":""ProcessGuid"",""#text"":""dbf410b3-14f3-6815-fc03-000000004500""},{""@Name"":""ProcessId"",""#text"":""10012""},{""@Name"":""Image"",""#text"":""C:\\Windows\\System32\\backgroundTaskHost.exe""},{""@Name"":""FileVersion"",""#text"":""10.0.19041.3636 (WinBuild.160101.0800)""},{""@Name"":""Description"",""#text"":""Background Task Host""},{""@Name"":""Product"",""#text"":""Microsoft® Windows® Operating System""},{""@Name"":""Company"",""#text"":""Microsoft Corporation""},{""@Name"":""OriginalFileName"",""#text"":""backgroundTaskHost.exe""},{""@Name"":""CommandLine"",""#text"":""\""C:\\Windows\\system32\\BackgroundTaskHost.exe\"" -ServerName:BackgroundTaskHost.WebAccountProvider""},{""@Name"":""CurrentDirectory"",""#text"":""C:\\Windows\\SystemApps\\Microsoft.AAD.BrokerPlugin_cw5n1h2txyewy\\""},{""@Name"":""User"",""#text"":""SERVER002\\lplui""},{""@Name"":""LogonGuid"",""#text"":""dbf410b3-8789-6814-3797-030000000000""},{""@Name"":""LogonId"",""#text"":""0x39737""},{""@Name"":""TerminalSessionId"",""#text"":""1""},{""@Name"":""IntegrityLevel"",""#text"":""AppContainer""},{""@Name"":""Hashes"",""#text"":""SHA256=7077CBF56490C86FC74C0CC6C0379AB679F06A066E71906AD23458F664836449""},{""@Name"":""ParentProcessGuid"",""#text"":""dbf410b3-a39e-6814-0d00-000000004500""},{""@Name"":""ParentProcessId"",""#text"":""800""},{""@Name"":""ParentImage"",""#text"":""C:\\Windows\\System32\\svchost.exe""},{""@Name"":""ParentCommandLine"",""#text"":""C:\\Windows\\system32\\svchost.exe -k DcomLaunch -p""},{""@Name"":""ParentUser"",""#text"":""NT AUTHORITY\\SYSTEM""}]}}"
43626,61778,2025-05-02 18:54:43.6606506,1,Info,Microsoft-Windows-Sysmon,Microsoft-Windows-Sysmon/Operational,2488,4156,Server002,808,S-1-5-18,Process creation,NT AUTHORITY\SYSTEM,,"ProcessID: 5552, ProcessGUID: dbf410b3-14f3-6815-fd03-000000004500",RuleName: -,SHA256=6FC3BF1FDFD76860BE782554F8D25BD32F108DB934D70F4253F1E5F23522E503,ParentProcess: C:\Windows\System32\services.exe,"ParentProcessID: 676, ParentProcessGUID: dbf410b3-a39d-6814-0b00-000000004500",ParentCommandLine: C:\Windows\system32\services.exe,C:\Windows\System32\svchost.exe -k wsappx -p -s ClipSVC,False,D:\benign_log_combined_latest_used_actually\new_benign\sysmon_48113.evtx,Classic,0,"{""EventData"":{""Data"":[{""@Name"":""RuleName"",""#text"":""-""},{""@Name"":""UtcTime"",""#text"":""2025-05-02 18:54:43.655""},{""@Name"":""ProcessGuid"",""#text"":""dbf410b3-14f3-6815-fd03-000000004500""},{""@Name"":""ProcessId"",""#text"":""5552""},{""@Name"":""Image"",""#text"":""C:\\Windows\\System32\\svchost.exe""},{""@Name"":""FileVersion"",""#text"":""10.0.19041.4355 (WinBuild.160101.0800)""},{""@Name"":""Description"",""#text"":""Host Process for Windows Services""},{""@Name"":""Product"",""#text"":""Microsoft® Windows® Operating System""},{""@Name"":""Company"",""#text"":""Microsoft Corporation""},{""@Name"":""OriginalFileName"",""#text"":""svchost.exe""},{""@Name"":""CommandLine"",""#text"":""C:\\Windows\\System32\\svchost.exe -k wsappx -p -s ClipSVC""},{""@Name"":""CurrentDirectory"",""#text"":""C:\\Windows\\system32\\""},{""@Name"":""User"",""#text"":""NT AUTHORITY\\SYSTEM""},{""@Name"":""LogonGuid"",""#text"":""dbf410b3-a39d-6814-e703-000000000000""},{""@Name"":""LogonId"",""#text"":""0x3E7""},{""@Name"":""TerminalSessionId"",""#text"":""0""},{""@Name"":""IntegrityLevel"",""#text"":""System""},{""@Name"":""Hashes"",""#text"":""SHA256=6FC3BF1FDFD76860BE782554F8D25BD32F108DB934D70F4253F1E5F23522E503""},{""@Name"":""ParentProcessGuid"",""#text"":""dbf410b3-a39d-6814-0b00-000000004500""},{""@Name"":""ParentProcessId"",""#text"":""676""},{""@Name"":""ParentImage"",""#text"":""C:\\Windows\\System32\\services.exe""},{""@Name"":""ParentCommandLine"",""#text"":""C:\\Windows\\system32\\services.exe""},{""@Name"":""ParentUser"",""#text"":""NT AUTHORITY\\SYSTEM""}]}}"
43627,61779,2025-05-02 18:54:44.0139371,1,Info,Microsoft-Windows-Sysmon,Microsoft-Windows-Sysmon/Operational,2488,4156,Server002,808,S-1-5-18,Process creation,SERVER002\lplui,,"ProcessID: 196, ProcessGUID: dbf410b3-14f4-6815-fe03-000000004500",RuleName: -,SHA256=579DFCED8F02A7E1E6E8DF10C400117D3127EAD7231776A1E467EB507261E920,ParentProcess: C:\Windows\System32\svchost.exe,"ParentProcessID: 800, ParentProcessGUID: dbf410b3-a39e-6814-0d00-000000004500",ParentCommandLine: C:\Windows\system32\svchost.exe -k DcomLaunch -p,C:\Windows\System32\RuntimeBroker.exe -Embedding,False,D:\benign_log_combined_latest_used_actually\new_benign\sysmon_48113.evtx,Classic,0,"{""EventData"":{""Data"":[{""@Name"":""RuleName"",""#text"":""-""},{""@Name"":""UtcTime"",""#text"":""2025-05-02 18:54:44.011""},{""@Name"":""ProcessGuid"",""#text"":""dbf410b3-14f4-6815-fe03-000000004500""},{""@Name"":""ProcessId"",""#text"":""196""},{""@Name"":""Image"",""#text"":""C:\\Windows\\System32\\RuntimeBroker.exe""},{""@Name"":""FileVersion"",""#text"":""10.0.19041.4355 (WinBuild.160101.0800)""},{""@Name"":""Description"",""#text"":""Runtime Broker""},{""@Name"":""Product"",""#text"":""Microsoft® Windows® Operating System""},{""@Name"":""Company"",""#text"":""Microsoft Corporation""},{""@Name"":""OriginalFileName"",""#text"":""RuntimeBroker.exe""},{""@Name"":""CommandLine"",""#text"":""C:\\Windows\\System32\\RuntimeBroker.exe -Embedding""},{""@Name"":""CurrentDirectory"",""#text"":""C:\\Windows\\system32\\""},{""@Name"":""User"",""#text"":""SERVER002\\lplui""},{""@Name"":""LogonGuid"",""#text"":""dbf410b3-8789-6814-3797-030000000000""},{""@Name"":""LogonId"",""#text"":""0x39737""},{""@Name"":""TerminalSessionId"",""#text"":""1""},{""@Name"":""IntegrityLevel"",""#text"":""Medium""},{""@Name"":""Hashes"",""#text"":""SHA256=579DFCED8F02A7E1E6E8DF10C400117D3127EAD7231776A1E467EB507261E920""},{""@Name"":""ParentProcessGuid"",""#text"":""dbf410b3-a39e-6814-0d00-000000004500""},{""@Name"":""ParentProcessId"",""#text"":""800""},{""@Name"":""ParentImage"",""#text"":""C:\\Windows\\System32\\svchost.exe""},{""@Name"":""ParentCommandLine"",""#text"":""C:\\Windows\\system32\\svchost.exe -k DcomLaunch -p""},{""@Name"":""ParentUser"",""#text"":""NT AUTHORITY\\SYSTEM""}]}}"
43628,61780,2025-05-02 18:54:44.5583777,1,Info,Microsoft-Windows-Sysmon,Microsoft-Windows-Sysmon/Operational,2488,4156,Server002,808,S-1-5-18,Process creation,SERVER002\lplui,,"ProcessID: 9176, ProcessGUID: dbf410b3-14f4-6815-ff03-000000004500",RuleName: -,SHA256=579DFCED8F02A7E1E6E8DF10C400117D3127EAD7231776A1E467EB507261E920,ParentProcess: C:\Windows\System32\svchost.exe,"ParentProcessID: 800, ParentProcessGUID: dbf410b3-a39e-6814-0d00-000000004500",ParentCommandLine: C:\Windows\system32\svchost.exe -k DcomLaunch -p,C:\Windows\System32\RuntimeBroker.exe -Embedding,False,D:\benign_log_combined_latest_used_actually\new_benign\sysmon_48113.evtx,Classic,0,"{""EventData"":{""Data"":[{""@Name"":""RuleName"",""#text"":""-""},{""@Name"":""UtcTime"",""#text"":""2025-05-02 18:54:44.554""},{""@Name"":""ProcessGuid"",""#text"":""dbf410b3-14f4-6815-ff03-000000004500""},{""@Name"":""ProcessId"",""#text"":""9176""},{""@Name"":""Image"",""#text"":""C:\\Windows\\System32\\RuntimeBroker.exe""},{""@Name"":""FileVersion"",""#text"":""10.0.19041.4355 (WinBuild.160101.0800)""},{""@Name"":""Description"",""#text"":""Runtime Broker""},{""@Name"":""Product"",""#text"":""Microsoft® Windows® Operating System""},{""@Name"":""Company"",""#text"":""Microsoft Corporation""},{""@Name"":""OriginalFileName"",""#text"":""RuntimeBroker.exe""},{""@Name"":""CommandLine"",""#text"":""C:\\Windows\\System32\\RuntimeBroker.exe -Embedding""},{""@Name"":""CurrentDirectory"",""#text"":""C:\\Windows\\system32\\""},{""@Name"":""User"",""#text"":""SERVER002\\lplui""},{""@Name"":""LogonGuid"",""#text"":""dbf410b3-8789-6814-3797-030000000000""},{""@Name"":""LogonId"",""#text"":""0x39737""},{""@Name"":""TerminalSessionId"",""#text"":""1""},{""@Name"":""IntegrityLevel"",""#text"":""Medium""},{""@Name"":""Hashes"",""#text"":""SHA256=579DFCED8F02A7E1E6E8DF10C400117D3127EAD7231776A1E467EB507261E920""},{""@Name"":""ParentProcessGuid"",""#text"":""dbf410b3-a39e-6814-0d00-000000004500""},{""@Name"":""ParentProcessId"",""#text"":""800""},{""@Name"":""ParentImage"",""#text"":""C:\\Windows\\System32\\svchost.exe""},{""@Name"":""ParentCommandLine"",""#text"":""C:\\Windows\\system32\\svchost.exe -k DcomLaunch -p""},{""@Name"":""ParentUser"",""#text"":""NT AUTHORITY\\SYSTEM""}]}}"
43629,61781,2025-05-02 18:54:44.7114701,5,Info,Microsoft-Windows-Sysmon,Microsoft-Windows-Sysmon/Operational,2488,4156,Server002,808,S-1-5-18,Process terminated,SERVER002\lplui,,"ProcessID: 10012, ProcessGUID: dbf410b3-14f3-6815-fc03-000000004500",,,,,,C:\Windows\System32\backgroundTaskHost.exe,False,D:\benign_log_combined_latest_used_actually\new_benign\sysmon_48113.evtx,Classic,0,"{""EventData"":{""Data"":[{""@Name"":""RuleName"",""#text"":""-""},{""@Name"":""UtcTime"",""#text"":""2025-05-02 18:54:44.708""},{""@Name"":""ProcessGuid"",""#text"":""dbf410b3-14f3-6815-fc03-000000004500""},{""@Name"":""ProcessId"",""#text"":""10012""},{""@Name"":""Image"",""#text"":""C:\\Windows\\System32\\backgroundTaskHost.exe""},{""@Name"":""User"",""#text"":""SERVER002\\lplui""}]}}"
43630,61782,2025-05-02 18:54:46.6550774,1,Info,Microsoft-Windows-Sysmon,Microsoft-Windows-Sysmon/Operational,2488,4156,Server002,808,S-1-5-18,Process creation,NT AUTHORITY\SYSTEM,,"ProcessID: 10668, ProcessGUID: dbf410b3-14f6-6815-0004-000000004500",RuleName: -,SHA256=235882DE2347DB7A4CE2BBD7599B5D8D56C93A8BC18207DBEE7173B9BAD068FE,ParentProcess: C:\Windows\System32\svchost.exe,"ParentProcessID: 800, ParentProcessGUID: dbf410b3-a39e-6814-0d00-000000004500",ParentCommandLine: C:\Windows\system32\svchost.exe -k DcomLaunch -p,C:\Windows\System32\mousocoreworker.exe -Embedding,False,D:\benign_log_combined_latest_used_actually\new_benign\sysmon_48113.evtx,Classic,0,"{""EventData"":{""Data"":[{""@Name"":""RuleName"",""#text"":""-""},{""@Name"":""UtcTime"",""#text"":""2025-05-02 18:54:46.645""},{""@Name"":""ProcessGuid"",""#text"":""dbf410b3-14f6-6815-0004-000000004500""},{""@Name"":""ProcessId"",""#text"":""10668""},{""@Name"":""Image"",""#text"":""C:\\Windows\\System32\\MoUsoCoreWorker.exe""},{""@Name"":""FileVersion"",""#text"":""10.0.19041.5678 (WinBuild.160101.0800)""},{""@Name"":""Description"",""#text"":""MoUSO Core Worker Process""},{""@Name"":""Product"",""#text"":""Microsoft® Windows® Operating System""},{""@Name"":""Company"",""#text"":""Microsoft Corporation""},{""@Name"":""OriginalFileName"",""#text"":""MoUSOCoreWorker.exe""},{""@Name"":""CommandLine"",""#text"":""C:\\Windows\\System32\\mousocoreworker.exe -Embedding""},{""@Name"":""CurrentDirectory"",""#text"":""C:\\Windows\\system32\\""},{""@Name"":""User"",""#text"":""NT AUTHORITY\\SYSTEM""},{""@Name"":""LogonGuid"",""#text"":""dbf410b3-a39d-6814-e703-000000000000""},{""@Name"":""LogonId"",""#text"":""0x3E7""},{""@Name"":""TerminalSessionId"",""#text"":""0""},{""@Name"":""IntegrityLevel"",""#text"":""System""},{""@Name"":""Hashes"",""#text"":""SHA256=235882DE2347DB7A4CE2BBD7599B5D8D56C93A8BC18207DBEE7173B9BAD068FE""},{""@Name"":""ParentProcessGuid"",""#text"":""dbf410b3-a39e-6814-0d00-000000004500""},{""@Name"":""ParentProcessId"",""#text"":""800""},{""@Name"":""ParentImage"",""#text"":""C:\\Windows\\System32\\svchost.exe""},{""@Name"":""ParentCommandLine"",""#text"":""C:\\Windows\\system32\\svchost.exe -k DcomLaunch -p""},{""@Name"":""ParentUser"",""#text"":""NT AUTHORITY\\SYSTEM""}]}}"
43631,61783,2025-05-02 18:54:49.8266906,5,Info,Microsoft-Windows-Sysmon,Microsoft-Windows-Sysmon/Operational,2488,4156,Server002,808,S-1-5-18,Process terminated,SERVER002\lplui,,"ProcessID: 4464, ProcessGUID: dbf410b3-14f2-6815-f903-000000004500",,,,,,C:\Windows\System32\backgroundTaskHost.exe,False,D:\benign_log_combined_latest_used_actually\new_benign\sysmon_48113.evtx,Classic,0,"{""EventData"":{""Data"":[{""@Name"":""RuleName"",""#text"":""-""},{""@Name"":""UtcTime"",""#text"":""2025-05-02 18:54:49.826""},{""@Name"":""ProcessGuid"",""#text"":""dbf410b3-14f2-6815-f903-000000004500""},{""@Name"":""ProcessId"",""#text"":""4464""},{""@Name"":""Image"",""#text"":""C:\\Windows\\System32\\backgroundTaskHost.exe""},{""@Name"":""User"",""#text"":""SERVER002\\lplui""}]}}"
43632,61784,2025-05-02 18:55:23.5485392,1,Info,Microsoft-Windows-Sysmon,Microsoft-Windows-Sysmon/Operational,2488,4156,Server002,808,S-1-5-18,Process creation,SERVER002\lplui,,"ProcessID: 9764, ProcessGUID: dbf410b3-151b-6815-0104-000000004500",RuleName: -,SHA256=7077CBF56490C86FC74C0CC6C0379AB679F06A066E71906AD23458F664836449,ParentProcess: C:\Windows\System32\svchost.exe,"ParentProcessID: 800, ParentProcessGUID: dbf410b3-a39e-6814-0d00-000000004500",ParentCommandLine: C:\Windows\system32\svchost.exe -k DcomLaunch -p,"""C:\Windows\system32\backgroundTaskHost.exe"" -ServerName:App.AppXmtcan0h2tfbfy7k9kn8hbxb6dmzz1zh0.mca",False,D:\benign_log_combined_latest_used_actually\new_benign\sysmon_48113.evtx,Classic,0,"{""EventData"":{""Data"":[{""@Name"":""RuleName"",""#text"":""-""},{""@Name"":""UtcTime"",""#text"":""2025-05-02 18:55:23.545""},{""@Name"":""ProcessGuid"",""#text"":""dbf410b3-151b-6815-0104-000000004500""},{""@Name"":""ProcessId"",""#text"":""9764""},{""@Name"":""Image"",""#text"":""C:\\Windows\\System32\\backgroundTaskHost.exe""},{""@Name"":""FileVersion"",""#text"":""10.0.19041.3636 (WinBuild.160101.0800)""},{""@Name"":""Description"",""#text"":""Background Task Host""},{""@Name"":""Product"",""#text"":""Microsoft® Windows® Operating System""},{""@Name"":""Company"",""#text"":""Microsoft Corporation""},{""@Name"":""OriginalFileName"",""#text"":""backgroundTaskHost.exe""},{""@Name"":""CommandLine"",""#text"":""\""C:\\Windows\\system32\\backgroundTaskHost.exe\"" -ServerName:App.AppXmtcan0h2tfbfy7k9kn8hbxb6dmzz1zh0.mca""},{""@Name"":""CurrentDirectory"",""#text"":""C:\\Windows\\SystemApps\\Microsoft.Windows.ContentDeliveryManager_cw5n1h2txyewy\\""},{""@Name"":""User"",""#text"":""SERVER002\\lplui""},{""@Name"":""LogonGuid"",""#text"":""dbf410b3-8789-6814-3797-030000000000""},{""@Name"":""LogonId"",""#text"":""0x39737""},{""@Name"":""TerminalSessionId"",""#text"":""1""},{""@Name"":""IntegrityLevel"",""#text"":""AppContainer""},{""@Name"":""Hashes"",""#text"":""SHA256=7077CBF56490C86FC74C0CC6C0379AB679F06A066E71906AD23458F664836449""},{""@Name"":""ParentProcessGuid"",""#text"":""dbf410b3-a39e-6814-0d00-000000004500""},{""@Name"":""ParentProcessId"",""#text"":""800""},{""@Name"":""ParentImage"",""#text"":""C:\\Windows\\System32\\svchost.exe""},{""@Name"":""ParentCommandLine"",""#text"":""C:\\Windows\\system32\\svchost.exe -k DcomLaunch -p""},{""@Name"":""ParentUser"",""#text"":""NT AUTHORITY\\SYSTEM""}]}}"
43633,61785,2025-05-02 18:55:23.7355161,5,Info,Microsoft-Windows-Sysmon,Microsoft-Windows-Sysmon/Operational,2488,4156,Server002,808,S-1-5-18,Process terminated,SERVER002\lplui,,"ProcessID: 196, ProcessGUID: dbf410b3-14f4-6815-fe03-000000004500",,,,,,C:\Windows\System32\RuntimeBroker.exe,False,D:\benign_log_combined_latest_used_actually\new_benign\sysmon_48113.evtx,Classic,0,"{""EventData"":{""Data"":[{""@Name"":""RuleName"",""#text"":""-""},{""@Name"":""UtcTime"",""#text"":""2025-05-02 18:55:23.731""},{""@Name"":""ProcessGuid"",""#text"":""dbf410b3-14f4-6815-fe03-000000004500""},{""@Name"":""ProcessId"",""#text"":""196""},{""@Name"":""Image"",""#text"":""C:\\Windows\\System32\\RuntimeBroker.exe""},{""@Name"":""User"",""#text"":""SERVER002\\lplui""}]}}"
43634,61786,2025-05-02 18:55:23.7370515,5,Info,Microsoft-Windows-Sysmon,Microsoft-Windows-Sysmon/Operational,2488,4156,Server002,808,S-1-5-18,Process terminated,SERVER002\lplui,,"ProcessID: 9176, ProcessGUID: dbf410b3-14f4-6815-ff03-000000004500",,,,,,C:\Windows\System32\RuntimeBroker.exe,False,D:\benign_log_combined_latest_used_actually\new_benign\sysmon_48113.evtx,Classic,0,"{""EventData"":{""Data"":[{""@Name"":""RuleName"",""#text"":""-""},{""@Name"":""UtcTime"",""#text"":""2025-05-02 18:55:23.735""},{""@Name"":""ProcessGuid"",""#text"":""dbf410b3-14f4-6815-ff03-000000004500""},{""@Name"":""ProcessId"",""#text"":""9176""},{""@Name"":""Image"",""#text"":""C:\\Windows\\System32\\RuntimeBroker.exe""},{""@Name"":""User"",""#text"":""SERVER002\\lplui""}]}}"
43635,61787,2025-05-02 18:55:23.8792100,1,Info,Microsoft-Windows-Sysmon,Microsoft-Windows-Sysmon/Operational,2488,4156,Server002,808,S-1-5-18,Process creation,SERVER002\lplui,,"ProcessID: 6060, ProcessGUID: dbf410b3-151b-6815-0204-000000004500",RuleName: -,SHA256=579DFCED8F02A7E1E6E8DF10C400117D3127EAD7231776A1E467EB507261E920,ParentProcess: C:\Windows\System32\svchost.exe,"ParentProcessID: 800, ParentProcessGUID: dbf410b3-a39e-6814-0d00-000000004500",ParentCommandLine: C:\Windows\system32\svchost.exe -k DcomLaunch -p,C:\Windows\System32\RuntimeBroker.exe -Embedding,False,D:\benign_log_combined_latest_used_actually\new_benign\sysmon_48113.evtx,Classic,0,"{""EventData"":{""Data"":[{""@Name"":""RuleName"",""#text"":""-""},{""@Name"":""UtcTime"",""#text"":""2025-05-02 18:55:23.876""},{""@Name"":""ProcessGuid"",""#text"":""dbf410b3-151b-6815-0204-000000004500""},{""@Name"":""ProcessId"",""#text"":""6060""},{""@Name"":""Image"",""#text"":""C:\\Windows\\System32\\RuntimeBroker.exe""},{""@Name"":""FileVersion"",""#text"":""10.0.19041.4355 (WinBuild.160101.0800)""},{""@Name"":""Description"",""#text"":""Runtime Broker""},{""@Name"":""Product"",""#text"":""Microsoft® Windows® Operating System""},{""@Name"":""Company"",""#text"":""Microsoft Corporation""},{""@Name"":""OriginalFileName"",""#text"":""RuntimeBroker.exe""},{""@Name"":""CommandLine"",""#text"":""C:\\Windows\\System32\\RuntimeBroker.exe -Embedding""},{""@Name"":""CurrentDirectory"",""#text"":""C:\\Windows\\system32\\""},{""@Name"":""User"",""#text"":""SERVER002\\lplui""},{""@Name"":""LogonGuid"",""#text"":""dbf410b3-8789-6814-3797-030000000000""},{""@Name"":""LogonId"",""#text"":""0x39737""},{""@Name"":""TerminalSessionId"",""#text"":""1""},{""@Name"":""IntegrityLevel"",""#text"":""Medium""},{""@Name"":""Hashes"",""#text"":""SHA256=579DFCED8F02A7E1E6E8DF10C400117D3127EAD7231776A1E467EB507261E920""},{""@Name"":""ParentProcessGuid"",""#text"":""dbf410b3-a39e-6814-0d00-000000004500""},{""@Name"":""ParentProcessId"",""#text"":""800""},{""@Name"":""ParentImage"",""#text"":""C:\\Windows\\System32\\svchost.exe""},{""@Name"":""ParentCommandLine"",""#text"":""C:\\Windows\\system32\\svchost.exe -k DcomLaunch -p""},{""@Name"":""ParentUser"",""#text"":""NT AUTHORITY\\SYSTEM""}]}}"
43636,61788,2025-05-02 18:55:24.4031507,5,Info,Microsoft-Windows-Sysmon,Microsoft-Windows-Sysmon/Operational,2488,4156,Server002,808,S-1-5-18,Process terminated,SERVER002\lplui,,"ProcessID: 9764, ProcessGUID: dbf410b3-151b-6815-0104-000000004500",,,,,,C:\Windows\System32\backgroundTaskHost.exe,False,D:\benign_log_combined_latest_used_actually\new_benign\sysmon_48113.evtx,Classic,0,"{""EventData"":{""Data"":[{""@Name"":""RuleName"",""#text"":""-""},{""@Name"":""UtcTime"",""#text"":""2025-05-02 18:55:24.401""},{""@Name"":""ProcessGuid"",""#text"":""dbf410b3-151b-6815-0104-000000004500""},{""@Name"":""ProcessId"",""#text"":""9764""},{""@Name"":""Image"",""#text"":""C:\\Windows\\System32\\backgroundTaskHost.exe""},{""@Name"":""User"",""#text"":""SERVER002\\lplui""}]}}"
43637,61789,2025-05-02 18:55:40.3267555,5,Info,Microsoft-Windows-Sysmon,Microsoft-Windows-Sysmon/Operational,2488,4156,Server002,808,S-1-5-18,Process terminated,SERVER002\lplui,,"ProcessID: 10064, ProcessGUID: dbf410b3-14f2-6815-f703-000000004500",,,,,,C:\Windows\System32\backgroundTaskHost.exe,False,D:\benign_log_combined_latest_used_actually\new_benign\sysmon_48113.evtx,Classic,0,"{""EventData"":{""Data"":[{""@Name"":""RuleName"",""#text"":""-""},{""@Name"":""UtcTime"",""#text"":""2025-05-02 18:55:40.324""},{""@Name"":""ProcessGuid"",""#text"":""dbf410b3-14f2-6815-f703-000000004500""},{""@Name"":""ProcessId"",""#text"":""10064""},{""@Name"":""Image"",""#text"":""C:\\Windows\\System32\\backgroundTaskHost.exe""},{""@Name"":""User"",""#text"":""SERVER002\\lplui""}]}}"
43638,61790,2025-05-02 18:55:42.8168430,5,Info,Microsoft-Windows-Sysmon,Microsoft-Windows-Sysmon/Operational,2488,4156,Server002,808,S-1-5-18,Process terminated,SERVER002\lplui,,"ProcessID: 10772, ProcessGUID: dbf410b3-14f2-6815-f803-000000004500",,,,,,C:\Windows\System32\backgroundTaskHost.exe,False,D:\benign_log_combined_latest_used_actually\new_benign\sysmon_48113.evtx,Classic,0,"{""EventData"":{""Data"":[{""@Name"":""RuleName"",""#text"":""-""},{""@Name"":""UtcTime"",""#text"":""2025-05-02 18:55:42.815""},{""@Name"":""ProcessGuid"",""#text"":""dbf410b3-14f2-6815-f803-000000004500""},{""@Name"":""ProcessId"",""#text"":""10772""},{""@Name"":""Image"",""#text"":""C:\\Windows\\System32\\backgroundTaskHost.exe""},{""@Name"":""User"",""#text"":""SERVER002\\lplui""}]}}"
43639,61791,2025-05-02 18:55:44.0003691,5,Info,Microsoft-Windows-Sysmon,Microsoft-Windows-Sysmon/Operational,2488,4156,Server002,808,S-1-5-18,Process terminated,NT AUTHORITY\SYSTEM,,"ProcessID: 10668, ProcessGUID: dbf410b3-14f6-6815-0004-000000004500",,,,,,C:\Windows\System32\MoUsoCoreWorker.exe,False,D:\benign_log_combined_latest_used_actually\new_benign\sysmon_48113.evtx,Classic,0,"{""EventData"":{""Data"":[{""@Name"":""RuleName"",""#text"":""-""},{""@Name"":""UtcTime"",""#text"":""2025-05-02 18:55:43.999""},{""@Name"":""ProcessGuid"",""#text"":""dbf410b3-14f6-6815-0004-000000004500""},{""@Name"":""ProcessId"",""#text"":""10668""},{""@Name"":""Image"",""#text"":""C:\\Windows\\System32\\MoUsoCoreWorker.exe""},{""@Name"":""User"",""#text"":""NT AUTHORITY\\SYSTEM""}]}}"
43640,61792,2025-05-02 18:56:04.4937158,5,Info,Microsoft-Windows-Sysmon,Microsoft-Windows-Sysmon/Operational,2488,4156,Server002,808,S-1-5-18,Process terminated,SERVER002\lplui,,"ProcessID: 6060, ProcessGUID: dbf410b3-151b-6815-0204-000000004500",,,,,,C:\Windows\System32\RuntimeBroker.exe,False,D:\benign_log_combined_latest_used_actually\new_benign\sysmon_48113.evtx,Classic,0,"{""EventData"":{""Data"":[{""@Name"":""RuleName"",""#text"":""-""},{""@Name"":""UtcTime"",""#text"":""2025-05-02 18:56:04.489""},{""@Name"":""ProcessGuid"",""#text"":""dbf410b3-151b-6815-0204-000000004500""},{""@Name"":""ProcessId"",""#text"":""6060""},{""@Name"":""Image"",""#text"":""C:\\Windows\\System32\\RuntimeBroker.exe""},{""@Name"":""User"",""#text"":""SERVER002\\lplui""}]}}"
43641,61793,2025-05-02 18:56:10.3522971,5,Info,Microsoft-Windows-Sysmon,Microsoft-Windows-Sysmon/Operational,2488,4156,Server002,808,S-1-5-18,Process terminated,SERVER002\lplui,,"ProcessID: 1204, ProcessGUID: dbf410b3-14f2-6815-fa03-000000004500",,,,,,C:\Windows\System32\RuntimeBroker.exe,False,D:\benign_log_combined_latest_used_actually\new_benign\sysmon_48113.evtx,Classic,0,"{""EventData"":{""Data"":[{""@Name"":""RuleName"",""#text"":""-""},{""@Name"":""UtcTime"",""#text"":""2025-05-02 18:56:10.348""},{""@Name"":""ProcessGuid"",""#text"":""dbf410b3-14f2-6815-fa03-000000004500""},{""@Name"":""ProcessId"",""#text"":""1204""},{""@Name"":""Image"",""#text"":""C:\\Windows\\System32\\RuntimeBroker.exe""},{""@Name"":""User"",""#text"":""SERVER002\\lplui""}]}}"
43642,61794,2025-05-02 18:56:12.8599862,5,Info,Microsoft-Windows-Sysmon,Microsoft-Windows-Sysmon/Operational,2488,4156,Server002,808,S-1-5-18,Process terminated,SERVER002\lplui,,"ProcessID: 10764, ProcessGUID: dbf410b3-14f2-6815-fb03-000000004500",,,,,,C:\Windows\System32\RuntimeBroker.exe,False,D:\benign_log_combined_latest_used_actually\new_benign\sysmon_48113.evtx,Classic,0,"{""EventData"":{""Data"":[{""@Name"":""RuleName"",""#text"":""-""},{""@Name"":""UtcTime"",""#text"":""2025-05-02 18:56:12.853""},{""@Name"":""ProcessGuid"",""#text"":""dbf410b3-14f2-6815-fb03-000000004500""},{""@Name"":""ProcessId"",""#text"":""10764""},{""@Name"":""Image"",""#text"":""C:\\Windows\\System32\\RuntimeBroker.exe""},{""@Name"":""User"",""#text"":""SERVER002\\lplui""}]}}"
43643,61795,2025-05-02 18:56:30.3701739,1,Info,Microsoft-Windows-Sysmon,Microsoft-Windows-Sysmon/Operational,2488,4156,Server002,808,S-1-5-18,Process creation,NT AUTHORITY\SYSTEM,,"ProcessID: 4460, ProcessGUID: dbf410b3-155e-6815-0304-000000004500",RuleName: -,SHA256=235882DE2347DB7A4CE2BBD7599B5D8D56C93A8BC18207DBEE7173B9BAD068FE,ParentProcess: C:\Windows\System32\svchost.exe,"ParentProcessID: 800, ParentProcessGUID: dbf410b3-a39e-6814-0d00-000000004500",ParentCommandLine: C:\Windows\system32\svchost.exe -k DcomLaunch -p,C:\Windows\System32\mousocoreworker.exe -Embedding,False,D:\benign_log_combined_latest_used_actually\new_benign\sysmon_48113.evtx,Classic,0,"{""EventData"":{""Data"":[{""@Name"":""RuleName"",""#text"":""-""},{""@Name"":""UtcTime"",""#text"":""2025-05-02 18:56:30.366""},{""@Name"":""ProcessGuid"",""#text"":""dbf410b3-155e-6815-0304-000000004500""},{""@Name"":""ProcessId"",""#text"":""4460""},{""@Name"":""Image"",""#text"":""C:\\Windows\\System32\\MoUsoCoreWorker.exe""},{""@Name"":""FileVersion"",""#text"":""10.0.19041.5678 (WinBuild.160101.0800)""},{""@Name"":""Description"",""#text"":""MoUSO Core Worker Process""},{""@Name"":""Product"",""#text"":""Microsoft® Windows® Operating System""},{""@Name"":""Company"",""#text"":""Microsoft Corporation""},{""@Name"":""OriginalFileName"",""#text"":""MoUSOCoreWorker.exe""},{""@Name"":""CommandLine"",""#text"":""C:\\Windows\\System32\\mousocoreworker.exe -Embedding""},{""@Name"":""CurrentDirectory"",""#text"":""C:\\Windows\\system32\\""},{""@Name"":""User"",""#text"":""NT AUTHORITY\\SYSTEM""},{""@Name"":""LogonGuid"",""#text"":""dbf410b3-a39d-6814-e703-000000000000""},{""@Name"":""LogonId"",""#text"":""0x3E7""},{""@Name"":""TerminalSessionId"",""#text"":""0""},{""@Name"":""IntegrityLevel"",""#text"":""System""},{""@Name"":""Hashes"",""#text"":""SHA256=235882DE2347DB7A4CE2BBD7599B5D8D56C93A8BC18207DBEE7173B9BAD068FE""},{""@Name"":""ParentProcessGuid"",""#text"":""dbf410b3-a39e-6814-0d00-000000004500""},{""@Name"":""ParentProcessId"",""#text"":""800""},{""@Name"":""ParentImage"",""#text"":""C:\\Windows\\System32\\svchost.exe""},{""@Name"":""ParentCommandLine"",""#text"":""C:\\Windows\\system32\\svchost.exe -k DcomLaunch -p""},{""@Name"":""ParentUser"",""#text"":""NT AUTHORITY\\SYSTEM""}]}}"
43644,61796,2025-05-02 18:57:36.1199325,1,Info,Microsoft-Windows-Sysmon,Microsoft-Windows-Sysmon/Operational,2488,4156,Server002,808,S-1-5-18,Process creation,NT AUTHORITY\SYSTEM,,"ProcessID: 6360, ProcessGUID: dbf410b3-15a0-6815-0404-000000004500",RuleName: -,SHA256=6FC3BF1FDFD76860BE782554F8D25BD32F108DB934D70F4253F1E5F23522E503,ParentProcess: C:\Windows\System32\services.exe,"ParentProcessID: 676, ParentProcessGUID: dbf410b3-a39d-6814-0b00-000000004500",ParentCommandLine: C:\Windows\system32\services.exe,C:\Windows\system32\svchost.exe -k netsvcs -p -s gpsvc,False,D:\benign_log_combined_latest_used_actually\new_benign\sysmon_48113.evtx,Classic,0,"{""EventData"":{""Data"":[{""@Name"":""RuleName"",""#text"":""-""},{""@Name"":""UtcTime"",""#text"":""2025-05-02 18:57:36.115""},{""@Name"":""ProcessGuid"",""#text"":""dbf410b3-15a0-6815-0404-000000004500""},{""@Name"":""ProcessId"",""#text"":""6360""},{""@Name"":""Image"",""#text"":""C:\\Windows\\System32\\svchost.exe""},{""@Name"":""FileVersion"",""#text"":""10.0.19041.4355 (WinBuild.160101.0800)""},{""@Name"":""Description"",""#text"":""Host Process for Windows Services""},{""@Name"":""Product"",""#text"":""Microsoft® Windows® Operating System""},{""@Name"":""Company"",""#text"":""Microsoft Corporation""},{""@Name"":""OriginalFileName"",""#text"":""svchost.exe""},{""@Name"":""CommandLine"",""#text"":""C:\\Windows\\system32\\svchost.exe -k netsvcs -p -s gpsvc""},{""@Name"":""CurrentDirectory"",""#text"":""C:\\Windows\\system32\\""},{""@Name"":""User"",""#text"":""NT AUTHORITY\\SYSTEM""},{""@Name"":""LogonGuid"",""#text"":""dbf410b3-a39d-6814-e703-000000000000""},{""@Name"":""LogonId"",""#text"":""0x3E7""},{""@Name"":""TerminalSessionId"",""#text"":""0""},{""@Name"":""IntegrityLevel"",""#text"":""System""},{""@Name"":""Hashes"",""#text"":""SHA256=6FC3BF1FDFD76860BE782554F8D25BD32F108DB934D70F4253F1E5F23522E503""},{""@Name"":""ParentProcessGuid"",""#text"":""dbf410b3-a39d-6814-0b00-000000004500""},{""@Name"":""ParentProcessId"",""#text"":""676""},{""@Name"":""ParentImage"",""#text"":""C:\\Windows\\System32\\services.exe""},{""@Name"":""ParentCommandLine"",""#text"":""C:\\Windows\\system32\\services.exe""},{""@Name"":""ParentUser"",""#text"":""NT AUTHORITY\\SYSTEM""}]}}"
43645,61797,2025-05-02 18:57:40.4152469,5,Info,Microsoft-Windows-Sysmon,Microsoft-Windows-Sysmon/Operational,2488,4156,Server002,808,S-1-5-18,Process terminated,NT AUTHORITY\SYSTEM,,"ProcessID: 4460, ProcessGUID: dbf410b3-155e-6815-0304-000000004500",,,,,,C:\Windows\System32\MoUsoCoreWorker.exe,False,D:\benign_log_combined_latest_used_actually\new_benign\sysmon_48113.evtx,Classic,0,"{""EventData"":{""Data"":[{""@Name"":""RuleName"",""#text"":""-""},{""@Name"":""UtcTime"",""#text"":""2025-05-02 18:57:40.414""},{""@Name"":""ProcessGuid"",""#text"":""dbf410b3-155e-6815-0304-000000004500""},{""@Name"":""ProcessId"",""#text"":""4460""},{""@Name"":""Image"",""#text"":""C:\\Windows\\System32\\MoUsoCoreWorker.exe""},{""@Name"":""User"",""#text"":""NT AUTHORITY\\SYSTEM""}]}}"
43646,61798,2025-05-02 18:59:38.8754679,5,Info,Microsoft-Windows-Sysmon,Microsoft-Windows-Sysmon/Operational,2488,4156,Server002,808,S-1-5-18,Process terminated,NT AUTHORITY\SYSTEM,,"ProcessID: 5552, ProcessGUID: dbf410b3-14f3-6815-fd03-000000004500",,,,,,C:\Windows\System32\svchost.exe,False,D:\benign_log_combined_latest_used_actually\new_benign\sysmon_48113.evtx,Classic,0,"{""EventData"":{""Data"":[{""@Name"":""RuleName"",""#text"":""-""},{""@Name"":""UtcTime"",""#text"":""2025-05-02 18:59:38.873""},{""@Name"":""ProcessGuid"",""#text"":""dbf410b3-14f3-6815-fd03-000000004500""},{""@Name"":""ProcessId"",""#text"":""5552""},{""@Name"":""Image"",""#text"":""C:\\Windows\\System32\\svchost.exe""},{""@Name"":""User"",""#text"":""NT AUTHORITY\\SYSTEM""}]}}"
43647,61799,2025-05-02 19:00:25.0519629,5,Info,Microsoft-Windows-Sysmon,Microsoft-Windows-Sysmon/Operational,2488,4156,Server002,808,S-1-5-18,Process terminated,NT AUTHORITY\SYSTEM,,"ProcessID: 10740, ProcessGUID: dbf410b3-1425-6815-f103-000000004500",,,,,,C:\Windows\System32\svchost.exe,False,D:\benign_log_combined_latest_used_actually\new_benign\sysmon_48113.evtx,Classic,0,"{""EventData"":{""Data"":[{""@Name"":""RuleName"",""#text"":""-""},{""@Name"":""UtcTime"",""#text"":""2025-05-02 19:00:25.049""},{""@Name"":""ProcessGuid"",""#text"":""dbf410b3-1425-6815-f103-000000004500""},{""@Name"":""ProcessId"",""#text"":""10740""},{""@Name"":""Image"",""#text"":""C:\\Windows\\System32\\svchost.exe""},{""@Name"":""User"",""#text"":""NT AUTHORITY\\SYSTEM""}]}}"
43648,61800,2025-05-02 19:01:29.8316824,1,Info,Microsoft-Windows-Sysmon,Microsoft-Windows-Sysmon/Operational,2488,4156,Server002,808,S-1-5-18,Process creation,NT AUTHORITY\SYSTEM,,"ProcessID: 10272, ProcessGUID: dbf410b3-1689-6815-0504-000000004500",RuleName: -,SHA256=235882DE2347DB7A4CE2BBD7599B5D8D56C93A8BC18207DBEE7173B9BAD068FE,ParentProcess: C:\Windows\System32\svchost.exe,"ParentProcessID: 800, ParentProcessGUID: dbf410b3-a39e-6814-0d00-000000004500",ParentCommandLine: C:\Windows\system32\svchost.exe -k DcomLaunch -p,C:\Windows\System32\mousocoreworker.exe -Embedding,False,D:\benign_log_combined_latest_used_actually\new_benign\sysmon_48113.evtx,Classic,0,"{""EventData"":{""Data"":[{""@Name"":""RuleName"",""#text"":""-""},{""@Name"":""UtcTime"",""#text"":""2025-05-02 19:01:29.826""},{""@Name"":""ProcessGuid"",""#text"":""dbf410b3-1689-6815-0504-000000004500""},{""@Name"":""ProcessId"",""#text"":""10272""},{""@Name"":""Image"",""#text"":""C:\\Windows\\System32\\MoUsoCoreWorker.exe""},{""@Name"":""FileVersion"",""#text"":""10.0.19041.5678 (WinBuild.160101.0800)""},{""@Name"":""Description"",""#text"":""MoUSO Core Worker Process""},{""@Name"":""Product"",""#text"":""Microsoft® Windows® Operating System""},{""@Name"":""Company"",""#text"":""Microsoft Corporation""},{""@Name"":""OriginalFileName"",""#text"":""MoUSOCoreWorker.exe""},{""@Name"":""CommandLine"",""#text"":""C:\\Windows\\System32\\mousocoreworker.exe -Embedding""},{""@Name"":""CurrentDirectory"",""#text"":""C:\\Windows\\system32\\""},{""@Name"":""User"",""#text"":""NT AUTHORITY\\SYSTEM""},{""@Name"":""LogonGuid"",""#text"":""dbf410b3-a39d-6814-e703-000000000000""},{""@Name"":""LogonId"",""#text"":""0x3E7""},{""@Name"":""TerminalSessionId"",""#text"":""0""},{""@Name"":""IntegrityLevel"",""#text"":""System""},{""@Name"":""Hashes"",""#text"":""SHA256=235882DE2347DB7A4CE2BBD7599B5D8D56C93A8BC18207DBEE7173B9BAD068FE""},{""@Name"":""ParentProcessGuid"",""#text"":""dbf410b3-a39e-6814-0d00-000000004500""},{""@Name"":""ParentProcessId"",""#text"":""800""},{""@Name"":""ParentImage"",""#text"":""C:\\Windows\\System32\\svchost.exe""},{""@Name"":""ParentCommandLine"",""#text"":""C:\\Windows\\system32\\svchost.exe -k DcomLaunch -p""},{""@Name"":""ParentUser"",""#text"":""NT AUTHORITY\\SYSTEM""}]}}"
43649,61801,2025-05-02 19:02:04.2817760,1,Info,Microsoft-Windows-Sysmon,Microsoft-Windows-Sysmon/Operational,2488,4156,Server002,808,S-1-5-18,Process creation,SERVER002\lplui,,"ProcessID: 10368, ProcessGUID: dbf410b3-16ac-6815-0604-000000004500",RuleName: -,SHA256=B7B20F19DE611698C5CAE2677B63494A5C61CB74179012E1C63C7F7EB3ECC6AF,ParentProcess: C:\Windows\System32\svchost.exe,"ParentProcessID: 800, ParentProcessGUID: dbf410b3-a39e-6814-0d00-000000004500",ParentCommandLine: C:\Windows\system32\svchost.exe -k DcomLaunch -p,"""C:\Program Files\Microsoft OneDrive\25.065.0406.0002\FileCoAuth.exe"" -Embedding",False,D:\benign_log_combined_latest_used_actually\new_benign\sysmon_48113.evtx,Classic,0,"{""EventData"":{""Data"":[{""@Name"":""RuleName"",""#text"":""-""},{""@Name"":""UtcTime"",""#text"":""2025-05-02 19:02:04.271""},{""@Name"":""ProcessGuid"",""#text"":""dbf410b3-16ac-6815-0604-000000004500""},{""@Name"":""ProcessId"",""#text"":""10368""},{""@Name"":""Image"",""#text"":""C:\\Program Files\\Microsoft OneDrive\\25.065.0406.0002\\FileCoAuth.exe""},{""@Name"":""FileVersion"",""#text"":""25.065.0406.0002""},{""@Name"":""Description"",""#text"":""Microsoft OneDriveFile Co-Authoring Executable""},{""@Name"":""Product"",""#text"":""Microsoft OneDrive""},{""@Name"":""Company"",""#text"":""Microsoft Corporation""},{""@Name"":""OriginalFileName"",""#text"":""FileCoAuth.exe""},{""@Name"":""CommandLine"",""#text"":""\""C:\\Program Files\\Microsoft OneDrive\\25.065.0406.0002\\FileCoAuth.exe\"" -Embedding""},{""@Name"":""CurrentDirectory"",""#text"":""C:\\Windows\\system32\\""},{""@Name"":""User"",""#text"":""SERVER002\\lplui""},{""@Name"":""LogonGuid"",""#text"":""dbf410b3-8789-6814-3797-030000000000""},{""@Name"":""LogonId"",""#text"":""0x39737""},{""@Name"":""TerminalSessionId"",""#text"":""1""},{""@Name"":""IntegrityLevel"",""#text"":""Medium""},{""@Name"":""Hashes"",""#text"":""SHA256=B7B20F19DE611698C5CAE2677B63494A5C61CB74179012E1C63C7F7EB3ECC6AF""},{""@Name"":""ParentProcessGuid"",""#text"":""dbf410b3-a39e-6814-0d00-000000004500""},{""@Name"":""ParentProcessId"",""#text"":""800""},{""@Name"":""ParentImage"",""#text"":""C:\\Windows\\System32\\svchost.exe""},{""@Name"":""ParentCommandLine"",""#text"":""C:\\Windows\\system32\\svchost.exe -k DcomLaunch -p""},{""@Name"":""ParentUser"",""#text"":""NT AUTHORITY\\SYSTEM""}]}}"
43650,61802,2025-05-02 19:02:12.6586470,5,Info,Microsoft-Windows-Sysmon,Microsoft-Windows-Sysmon/Operational,2488,4156,Server002,808,S-1-5-18,Process terminated,SERVER002\lplui,,"ProcessID: 10368, ProcessGUID: dbf410b3-16ac-6815-0604-000000004500",,,,,,C:\Program Files\Microsoft OneDrive\25.065.0406.0002\FileCoAuth.exe,False,D:\benign_log_combined_latest_used_actually\new_benign\sysmon_48113.evtx,Classic,0,"{""EventData"":{""Data"":[{""@Name"":""RuleName"",""#text"":""-""},{""@Name"":""UtcTime"",""#text"":""2025-05-02 19:02:12.657""},{""@Name"":""ProcessGuid"",""#text"":""dbf410b3-16ac-6815-0604-000000004500""},{""@Name"":""ProcessId"",""#text"":""10368""},{""@Name"":""Image"",""#text"":""C:\\Program Files\\Microsoft OneDrive\\25.065.0406.0002\\FileCoAuth.exe""},{""@Name"":""User"",""#text"":""SERVER002\\lplui""}]}}"
43651,61803,2025-05-02 19:02:35.5878319,5,Info,Microsoft-Windows-Sysmon,Microsoft-Windows-Sysmon/Operational,2488,4156,Server002,808,S-1-5-18,Process terminated,NT AUTHORITY\SYSTEM,,"ProcessID: 10272, ProcessGUID: dbf410b3-1689-6815-0504-000000004500",,,,,,C:\Windows\System32\MoUsoCoreWorker.exe,False,D:\benign_log_combined_latest_used_actually\new_benign\sysmon_48113.evtx,Classic,0,"{""EventData"":{""Data"":[{""@Name"":""RuleName"",""#text"":""-""},{""@Name"":""UtcTime"",""#text"":""2025-05-02 19:02:35.586""},{""@Name"":""ProcessGuid"",""#text"":""dbf410b3-1689-6815-0504-000000004500""},{""@Name"":""ProcessId"",""#text"":""10272""},{""@Name"":""Image"",""#text"":""C:\\Windows\\System32\\MoUsoCoreWorker.exe""},{""@Name"":""User"",""#text"":""NT AUTHORITY\\SYSTEM""}]}}"
43652,61804,2025-05-02 19:05:27.6544858,1,Info,Microsoft-Windows-Sysmon,Microsoft-Windows-Sysmon/Operational,2488,4156,Server002,808,S-1-5-18,Process creation,NT AUTHORITY\SYSTEM,,"ProcessID: 1800, ProcessGUID: dbf410b3-1777-6815-0704-000000004500",RuleName: -,SHA256=3096D8E82917A9B73F322F4B1743E52E9B0C8B3C5933A957E73E29D6973CDD5B,ParentProcess: C:\Program Files (x86)\Microsoft\EdgeUpdate\MicrosoftEdgeUpdate.exe,"ParentProcessID: 3560, ParentProcessGUID: dbf410b3-878e-6814-7000-000000004500","ParentCommandLine: ""C:\Program Files (x86)\Microsoft\EdgeUpdate\MicrosoftEdgeUpdate.exe"" /c","""C:\Program Files (x86)\Microsoft\EdgeUpdate\MicrosoftEdgeUpdate.exe"" /ua /installsource core",False,D:\benign_log_combined_latest_used_actually\new_benign\sysmon_48113.evtx,Classic,0,"{""EventData"":{""Data"":[{""@Name"":""RuleName"",""#text"":""-""},{""@Name"":""UtcTime"",""#text"":""2025-05-02 19:05:27.649""},{""@Name"":""ProcessGuid"",""#text"":""dbf410b3-1777-6815-0704-000000004500""},{""@Name"":""ProcessId"",""#text"":""1800""},{""@Name"":""Image"",""#text"":""C:\\Program Files (x86)\\Microsoft\\EdgeUpdate\\MicrosoftEdgeUpdate.exe""},{""@Name"":""FileVersion"",""#text"":""1.3.147.37""},{""@Name"":""Description"",""#text"":""Microsoft Edge Update""},{""@Name"":""Product"",""#text"":""Microsoft Edge Update""},{""@Name"":""Company"",""#text"":""Microsoft Corporation""},{""@Name"":""OriginalFileName"",""#text"":""msedgeupdate.dll""},{""@Name"":""CommandLine"",""#text"":""\""C:\\Program Files (x86)\\Microsoft\\EdgeUpdate\\MicrosoftEdgeUpdate.exe\"" /ua /installsource core""},{""@Name"":""CurrentDirectory"",""#text"":""C:\\Program Files (x86)\\Microsoft\\EdgeUpdate\\1.3.195.49\\""},{""@Name"":""User"",""#text"":""NT AUTHORITY\\SYSTEM""},{""@Name"":""LogonGuid"",""#text"":""dbf410b3-a39d-6814-e703-000000000000""},{""@Name"":""LogonId"",""#text"":""0x3E7""},{""@Name"":""TerminalSessionId"",""#text"":""0""},{""@Name"":""IntegrityLevel"",""#text"":""System""},{""@Name"":""Hashes"",""#text"":""SHA256=3096D8E82917A9B73F322F4B1743E52E9B0C8B3C5933A957E73E29D6973CDD5B""},{""@Name"":""ParentProcessGuid"",""#text"":""dbf410b3-878e-6814-7000-000000004500""},{""@Name"":""ParentProcessId"",""#text"":""3560""},{""@Name"":""ParentImage"",""#text"":""C:\\Program Files (x86)\\Microsoft\\EdgeUpdate\\MicrosoftEdgeUpdate.exe""},{""@Name"":""ParentCommandLine"",""#text"":""\""C:\\Program Files (x86)\\Microsoft\\EdgeUpdate\\MicrosoftEdgeUpdate.exe\"" /c""},{""@Name"":""ParentUser"",""#text"":""NT AUTHORITY\\SYSTEM""}]}}"
43653,61805,2025-05-02 19:06:12.0651723,1,Info,Microsoft-Windows-Sysmon,Microsoft-Windows-Sysmon/Operational,2488,4156,Server002,808,S-1-5-18,Process creation,NT AUTHORITY\SYSTEM,,"ProcessID: 2404, ProcessGUID: dbf410b3-17a4-6815-0804-000000004500",RuleName: -,SHA256=6FC3BF1FDFD76860BE782554F8D25BD32F108DB934D70F4253F1E5F23522E503,ParentProcess: C:\Windows\System32\services.exe,"ParentProcessID: 676, ParentProcessGUID: dbf410b3-a39d-6814-0b00-000000004500",ParentCommandLine: C:\Windows\system32\services.exe,C:\Windows\system32\svchost.exe -k wsappx -p -s AppXSvc,False,D:\benign_log_combined_latest_used_actually\new_benign\sysmon_48113.evtx,Classic,0,"{""EventData"":{""Data"":[{""@Name"":""RuleName"",""#text"":""-""},{""@Name"":""UtcTime"",""#text"":""2025-05-02 19:06:12.053""},{""@Name"":""ProcessGuid"",""#text"":""dbf410b3-17a4-6815-0804-000000004500""},{""@Name"":""ProcessId"",""#text"":""2404""},{""@Name"":""Image"",""#text"":""C:\\Windows\\System32\\svchost.exe""},{""@Name"":""FileVersion"",""#text"":""10.0.19041.4355 (WinBuild.160101.0800)""},{""@Name"":""Description"",""#text"":""Host Process for Windows Services""},{""@Name"":""Product"",""#text"":""Microsoft® Windows® Operating System""},{""@Name"":""Company"",""#text"":""Microsoft Corporation""},{""@Name"":""OriginalFileName"",""#text"":""svchost.exe""},{""@Name"":""CommandLine"",""#text"":""C:\\Windows\\system32\\svchost.exe -k wsappx -p -s AppXSvc""},{""@Name"":""CurrentDirectory"",""#text"":""C:\\Windows\\system32\\""},{""@Name"":""User"",""#text"":""NT AUTHORITY\\SYSTEM""},{""@Name"":""LogonGuid"",""#text"":""dbf410b3-a39d-6814-e703-000000000000""},{""@Name"":""LogonId"",""#text"":""0x3E7""},{""@Name"":""TerminalSessionId"",""#text"":""0""},{""@Name"":""IntegrityLevel"",""#text"":""System""},{""@Name"":""Hashes"",""#text"":""SHA256=6FC3BF1FDFD76860BE782554F8D25BD32F108DB934D70F4253F1E5F23522E503""},{""@Name"":""ParentProcessGuid"",""#text"":""dbf410b3-a39d-6814-0b00-000000004500""},{""@Name"":""ParentProcessId"",""#text"":""676""},{""@Name"":""ParentImage"",""#text"":""C:\\Windows\\System32\\services.exe""},{""@Name"":""ParentCommandLine"",""#text"":""C:\\Windows\\system32\\services.exe""},{""@Name"":""ParentUser"",""#text"":""NT AUTHORITY\\SYSTEM""}]}}"
43654,61806,2025-05-02 19:06:17.4644311,1,Info,Microsoft-Windows-Sysmon,Microsoft-Windows-Sysmon/Operational,2488,4156,Server002,808,S-1-5-18,Process creation,NT AUTHORITY\SYSTEM,,"ProcessID: 8748, ProcessGUID: dbf410b3-17a9-6815-0904-000000004500",RuleName: -,SHA256=3096D8E82917A9B73F322F4B1743E52E9B0C8B3C5933A957E73E29D6973CDD5B,ParentProcess: C:\Windows\System32\services.exe,"ParentProcessID: 676, ParentProcessGUID: dbf410b3-a39d-6814-0b00-000000004500",ParentCommandLine: C:\Windows\system32\services.exe,"""C:\Program Files (x86)\Microsoft\EdgeUpdate\MicrosoftEdgeUpdate.exe"" /svc",False,D:\benign_log_combined_latest_used_actually\new_benign\sysmon_48113.evtx,Classic,0,"{""EventData"":{""Data"":[{""@Name"":""RuleName"",""#text"":""-""},{""@Name"":""UtcTime"",""#text"":""2025-05-02 19:06:17.458""},{""@Name"":""ProcessGuid"",""#text"":""dbf410b3-17a9-6815-0904-000000004500""},{""@Name"":""ProcessId"",""#text"":""8748""},{""@Name"":""Image"",""#text"":""C:\\Program Files (x86)\\Microsoft\\EdgeUpdate\\MicrosoftEdgeUpdate.exe""},{""@Name"":""FileVersion"",""#text"":""1.3.147.37""},{""@Name"":""Description"",""#text"":""Microsoft Edge Update""},{""@Name"":""Product"",""#text"":""Microsoft Edge Update""},{""@Name"":""Company"",""#text"":""Microsoft Corporation""},{""@Name"":""OriginalFileName"",""#text"":""msedgeupdate.dll""},{""@Name"":""CommandLine"",""#text"":""\""C:\\Program Files (x86)\\Microsoft\\EdgeUpdate\\MicrosoftEdgeUpdate.exe\"" /svc""},{""@Name"":""CurrentDirectory"",""#text"":""C:\\Windows\\system32\\""},{""@Name"":""User"",""#text"":""NT AUTHORITY\\SYSTEM""},{""@Name"":""LogonGuid"",""#text"":""dbf410b3-a39d-6814-e703-000000000000""},{""@Name"":""LogonId"",""#text"":""0x3E7""},{""@Name"":""TerminalSessionId"",""#text"":""0""},{""@Name"":""IntegrityLevel"",""#text"":""System""},{""@Name"":""Hashes"",""#text"":""SHA256=3096D8E82917A9B73F322F4B1743E52E9B0C8B3C5933A957E73E29D6973CDD5B""},{""@Name"":""ParentProcessGuid"",""#text"":""dbf410b3-a39d-6814-0b00-000000004500""},{""@Name"":""ParentProcessId"",""#text"":""676""},{""@Name"":""ParentImage"",""#text"":""C:\\Windows\\System32\\services.exe""},{""@Name"":""ParentCommandLine"",""#text"":""C:\\Windows\\system32\\services.exe""},{""@Name"":""ParentUser"",""#text"":""NT AUTHORITY\\SYSTEM""}]}}"
43655,61807,2025-05-02 19:06:19.6050544,1,Info,Microsoft-Windows-Sysmon,Microsoft-Windows-Sysmon/Operational,2488,4156,Server002,808,S-1-5-18,Process creation,NT AUTHORITY\SYSTEM,,"ProcessID: 8896, ProcessGUID: dbf410b3-17ab-6815-0a04-000000004500",RuleName: -,SHA256=3096D8E82917A9B73F322F4B1743E52E9B0C8B3C5933A957E73E29D6973CDD5B,ParentProcess: C:\Program Files (x86)\Microsoft\EdgeUpdate\MicrosoftEdgeUpdate.exe,"ParentProcessID: 8748, ParentProcessGUID: dbf410b3-17a9-6815-0904-000000004500","ParentCommandLine: ""C:\Program Files (x86)\Microsoft\EdgeUpdate\MicrosoftEdgeUpdate.exe"" /svc","""C:\Program Files (x86)\Microsoft\EdgeUpdate\MicrosoftEdgeUpdate.exe"" /ping PD94bWwgdmVyc2lvbj0iMS4wIiBlbmNvZGluZz0iVVRGLTgiPz48cmVxdWVzdCBwcm90b2NvbD0iMy4wIiB1cGRhdGVyPSJPbWFoYSIgdXBkYXRlcnZlcnNpb249IjEuMy4xOTUuNDkiIHNoZWxsX3ZlcnNpb249IjEuMy4xNDcuMzciIGlzbWFjaGluZT0iMSIgc2Vzc2lvbmlkPSJ7ODczOUQ2OUYtQzQyRC00N0ExLUIwM0QtNUMwQjQxNzk2QjgzfSIgdXNlcmlkPSJ7REVBM0RCMzktMkE4Ri00QjE4LTlDOEUtQjU0MjBCNjFEN0ExfSIgaW5zdGFsbHNvdXJjZT0iY29yZSIgcmVxdWVzdGlkPSJ7MEI4OTdDNjgtRkNGMy00OUEzLTk1NDUtMDVCMjJFREE3NjUxfSIgZGVkdXA9ImNyIiBkb21haW5qb2luZWQ9IjAiPjxodyBsb2dpY2FsX2NwdXM9IjIiIHBoeXNtZW1vcnk9IjQiIGRpc2tfdHlwZT0iMSIgc3NlPSIxIiBzc2UyPSIxIiBzc2UzPSIxIiBzc3NlMz0iMSIgc3NlNDE9IjEiIHNzZTQyPSIxIiBhdng9IjAiLz48b3MgcGxhdGZvcm09IndpbiIgdmVyc2lvbj0iMTAuMC4xOTA0NS41NzM3IiBzcD0iIiBhcmNoPSJ4NjQiIHByb2R1Y3RfdHlwZT0iMTAxIiBpc193aXA9IjAiIGlzX2luX2xvY2tkb3duX21vZGU9IjAiLz48b2VtIHByb2R1Y3RfbWFudWZhY3R1cmVyPSJpbm5vdGVrIEdtYkgiIHByb2R1Y3RfbmFtZT0iVmlydHVhbEJveCIvPjxleHAgZXRhZz0iJnF1b3Q7cjQ1MnQxK2syVGdxL0hYemp2Rk5CUmhvcEJXUjlzYmpYeHFlVURIOXVYMD0mcXVvdDsiLz48YXBwIGFwcGlkPSJ7RjNDNEZFMDAtRUZENS00MDNCLTk1NjktMzk4QTIwRjFCQTRBfSIgdmVyc2lvbj0iMS4zLjE5NS40OSIgbmV4dHZlcnNpb249IiIgbGFuZz0iIiBicmFuZD0iSU5CWCIgY2xpZW50PSIiIGV4cGVyaW1lbnRzPSJJc09uSW50ZXJ2YWxDb21tYW5kc0FsbG93ZWQ9JTVCJTIyLXRhcmdldF9kZXYlMjAtbWluX2Jyb3dzZXJfdmVyc2lvbl9jYW5hcnlfZGV2JTIwMTMxLjAuMjg3MS4wJTIyJTVEIiBpbnN0YWxsYWdlPSIzMDkiIGNvaG9ydD0icnJmQDAuMTMiPjx1cGRhdGVjaGVjay8-PHBpbmcgcmQ9IjY2OTYiIHBpbmdfZnJlc2huZXNzPSJ7NUU1NjE0OTQtRTg0RC00OTI2LUEyMDAtMTY5RUFEMzM0QTdDfSIvPjwvYXBwPjxhcHAgYXBwaWQ9Ins1NkVCMThGOC1CMDA4LTRDQkQtQjZEMi04Qzk3RkU3RTkwNjJ9IiB2ZXJzaW9uPSIxMzUuMC4zMTc5Ljk4IiBuZXh0dmVyc2lvbj0iIiBsYW5nPSIiIGJyYW5kPSJJTkJYIiBjbGllbnQ9IiIgZXhwZXJpbWVudHM9ImNvbnNlbnQ9ZmFsc2UiIGluc3RhbGxhZ2U9IjMwOSIgY29ob3J0PSJycmZAMC42MCIgb29iZV9pbnN0YWxsX3RpbWU9IjEzMzYzOTcxODYwNzE3NTkwMCIgdXBkYXRlX2NvdW50PSI4IiBpc19waW5uZWRfc3lzdGVtPSJ0cnVlIiBsYXN0X2xhdW5jaF9jb3VudD0iMSIgbGFzdF9sYXVuY2hfdGltZT0iMTMzOTA2NzA0OTkzNDgzMTUwIiBmaXJzdF9mcmVfc2Vlbl90aW1lPSIxMzM2Mzk3Mjk3ODEyMTU2NTAiIGZpcnN0X2ZyZV9zZWVuX3ZlcnNpb249IjEyNi4wLjI1OTIuNjgiPjx1cGRhdGVjaGVjay8-PHBpbmcgYWN0aXZlPSIxIiBhZD0iNjY5NiIgcmQ9IjY2OTYiIHBpbmdfZnJlc2huZXNzPSJ7MUZGMkNFRTktNDgyNC00MjYzLTg0NkEtODIzMDEwODYxMDUwfSIvPjwvYXBwPjxhcHAgYXBwaWQ9IntGMzAxNzIyNi1GRTJBLTQyOTUtOEJERi0wMEMzQTlBN0U0QzV9IiB2ZXJzaW9uPSIxMzUuMC4zMTc5Ljk4IiBuZXh0dmVyc2lvbj0iIiBsYW5nPSIiIGJyYW5kPSJFVVdWIiBjbGllbnQ9IiIgZXhwZXJpbWVudHM9ImNvbnNlbnQ9ZmFsc2UiIGluc3RhbGxhZ2U9IjMwOSIgaW5zdGFsbGRhdGU9IjYzODQiIGNvaG9ydD0icnJmQDAuMzIiIHVwZGF0ZV9jb3VudD0iOCIgbGFzdF9sYXVuY2hfY291bnQ9IjEiIGxhc3RfbGF1bmNoX3RpbWU9IjEzMzkwMzk1NjIxNDYxNzc3MCI-PHVwZGF0ZWNoZWNrLz48cGluZyBhY3RpdmU9IjAiIHJkPSI2Njk2IiBwaW5nX2ZyZXNobmVzcz0ie0JGNDlBNzYyLTMxNEEtNDZBMi05NUU4LTBFNDE4MTVGRTIxMH0iLz48L2FwcD48L3JlcXVlc3Q-",False,D:\benign_log_combined_latest_used_actually\new_benign\sysmon_48113.evtx,Classic,0,"{""EventData"":{""Data"":[{""@Name"":""RuleName"",""#text"":""-""},{""@Name"":""UtcTime"",""#text"":""2025-05-02 19:06:19.589""},{""@Name"":""ProcessGuid"",""#text"":""dbf410b3-17ab-6815-0a04-000000004500""},{""@Name"":""ProcessId"",""#text"":""8896""},{""@Name"":""Image"",""#text"":""C:\\Program Files (x86)\\Microsoft\\EdgeUpdate\\MicrosoftEdgeUpdate.exe""},{""@Name"":""FileVersion"",""#text"":""1.3.147.37""},{""@Name"":""Description"",""#text"":""Microsoft Edge Update""},{""@Name"":""Product"",""#text"":""Microsoft Edge Update""},{""@Name"":""Company"",""#text"":""Microsoft Corporation""},{""@Name"":""OriginalFileName"",""#text"":""msedgeupdate.dll""},{""@Name"":""CommandLine"",""#text"":""\""C:\\Program Files (x86)\\Microsoft\\EdgeUpdate\\MicrosoftEdgeUpdate.exe\"" /ping PD94bWwgdmVyc2lvbj0iMS4wIiBlbmNvZGluZz0iVVRGLTgiPz48cmVxdWVzdCBwcm90b2NvbD0iMy4wIiB1cGRhdGVyPSJPbWFoYSIgdXBkYXRlcnZlcnNpb249IjEuMy4xOTUuNDkiIHNoZWxsX3ZlcnNpb249IjEuMy4xNDcuMzciIGlzbWFjaGluZT0iMSIgc2Vzc2lvbmlkPSJ7ODczOUQ2OUYtQzQyRC00N0ExLUIwM0QtNUMwQjQxNzk2QjgzfSIgdXNlcmlkPSJ7REVBM0RCMzktMkE4Ri00QjE4LTlDOEUtQjU0MjBCNjFEN0ExfSIgaW5zdGFsbHNvdXJjZT0iY29yZSIgcmVxdWVzdGlkPSJ7MEI4OTdDNjgtRkNGMy00OUEzLTk1NDUtMDVCMjJFREE3NjUxfSIgZGVkdXA9ImNyIiBkb21haW5qb2luZWQ9IjAiPjxodyBsb2dpY2FsX2NwdXM9IjIiIHBoeXNtZW1vcnk9IjQiIGRpc2tfdHlwZT0iMSIgc3NlPSIxIiBzc2UyPSIxIiBzc2UzPSIxIiBzc3NlMz0iMSIgc3NlNDE9IjEiIHNzZTQyPSIxIiBhdng9IjAiLz48b3MgcGxhdGZvcm09IndpbiIgdmVyc2lvbj0iMTAuMC4xOTA0NS41NzM3IiBzcD0iIiBhcmNoPSJ4NjQiIHByb2R1Y3RfdHlwZT0iMTAxIiBpc193aXA9IjAiIGlzX2luX2xvY2tkb3duX21vZGU9IjAiLz48b2VtIHByb2R1Y3RfbWFudWZhY3R1cmVyPSJpbm5vdGVrIEdtYkgiIHByb2R1Y3RfbmFtZT0iVmlydHVhbEJveCIvPjxleHAgZXRhZz0iJnF1b3Q7cjQ1MnQxK2syVGdxL0hYemp2Rk5CUmhvcEJXUjlzYmpYeHFlVURIOXVYMD0mcXVvdDsiLz48YXBwIGFwcGlkPSJ7RjNDNEZFMDAtRUZENS00MDNCLTk1NjktMzk4QTIwRjFCQTRBfSIgdmVyc2lvbj0iMS4zLjE5NS40OSIgbmV4dHZlcnNpb249IiIgbGFuZz0iIiBicmFuZD0iSU5CWCIgY2xpZW50PSIiIGV4cGVyaW1lbnRzPSJJc09uSW50ZXJ2YWxDb21tYW5kc0FsbG93ZWQ9JTVCJTIyLXRhcmdldF9kZXYlMjAtbWluX2Jyb3dzZXJfdmVyc2lvbl9jYW5hcnlfZGV2JTIwMTMxLjAuMjg3MS4wJTIyJTVEIiBpbnN0YWxsYWdlPSIzMDkiIGNvaG9ydD0icnJmQDAuMTMiPjx1cGRhdGVjaGVjay8-PHBpbmcgcmQ9IjY2OTYiIHBpbmdfZnJlc2huZXNzPSJ7NUU1NjE0OTQtRTg0RC00OTI2LUEyMDAtMTY5RUFEMzM0QTdDfSIvPjwvYXBwPjxhcHAgYXBwaWQ9Ins1NkVCMThGOC1CMDA4LTRDQkQtQjZEMi04Qzk3RkU3RTkwNjJ9IiB2ZXJzaW9uPSIxMzUuMC4zMTc5Ljk4IiBuZXh0dmVyc2lvbj0iIiBsYW5nPSIiIGJyYW5kPSJJTkJYIiBjbGllbnQ9IiIgZXhwZXJpbWVudHM9ImNvbnNlbnQ9ZmFsc2UiIGluc3RhbGxhZ2U9IjMwOSIgY29ob3J0PSJycmZAMC42MCIgb29iZV9pbnN0YWxsX3RpbWU9IjEzMzYzOTcxODYwNzE3NTkwMCIgdXBkYXRlX2NvdW50PSI4IiBpc19waW5uZWRfc3lzdGVtPSJ0cnVlIiBsYXN0X2xhdW5jaF9jb3VudD0iMSIgbGFzdF9sYXVuY2hfdGltZT0iMTMzOTA2NzA0OTkzNDgzMTUwIiBmaXJzdF9mcmVfc2Vlbl90aW1lPSIxMzM2Mzk3Mjk3ODEyMTU2NTAiIGZpcnN0X2ZyZV9zZWVuX3ZlcnNpb249IjEyNi4wLjI1OTIuNjgiPjx1cGRhdGVjaGVjay8-PHBpbmcgYWN0aXZlPSIxIiBhZD0iNjY5NiIgcmQ9IjY2OTYiIHBpbmdfZnJlc2huZXNzPSJ7MUZGMkNFRTktNDgyNC00MjYzLTg0NkEtODIzMDEwODYxMDUwfSIvPjwvYXBwPjxhcHAgYXBwaWQ9IntGMzAxNzIyNi1GRTJBLTQyOTUtOEJERi0wMEMzQTlBN0U0QzV9IiB2ZXJzaW9uPSIxMzUuMC4zMTc5Ljk4IiBuZXh0dmVyc2lvbj0iIiBsYW5nPSIiIGJyYW5kPSJFVVdWIiBjbGllbnQ9IiIgZXhwZXJpbWVudHM9ImNvbnNlbnQ9ZmFsc2UiIGluc3RhbGxhZ2U9IjMwOSIgaW5zdGFsbGRhdGU9IjYzODQiIGNvaG9ydD0icnJmQDAuMzIiIHVwZGF0ZV9jb3VudD0iOCIgbGFzdF9sYXVuY2hfY291bnQ9IjEiIGxhc3RfbGF1bmNoX3RpbWU9IjEzMzkwMzk1NjIxNDYxNzc3MCI-PHVwZGF0ZWNoZWNrLz48cGluZyBhY3RpdmU9IjAiIHJkPSI2Njk2IiBwaW5nX2ZyZXNobmVzcz0ie0JGNDlBNzYyLTMxNEEtNDZBMi05NUU4LTBFNDE4MTVGRTIxMH0iLz48L2FwcD48L3JlcXVlc3Q-""},{""@Name"":""CurrentDirectory"",""#text"":""C:\\Program Files (x86)\\Microsoft\\EdgeUpdate\\1.3.195.49\\""},{""@Name"":""User"",""#text"":""NT AUTHORITY\\SYSTEM""},{""@Name"":""LogonGuid"",""#text"":""dbf410b3-a39d-6814-e703-000000000000""},{""@Name"":""LogonId"",""#text"":""0x3E7""},{""@Name"":""TerminalSessionId"",""#text"":""0""},{""@Name"":""IntegrityLevel"",""#text"":""System""},{""@Name"":""Hashes"",""#text"":""SHA256=3096D8E82917A9B73F322F4B1743E52E9B0C8B3C5933A957E73E29D6973CDD5B""},{""@Name"":""ParentProcessGuid"",""#text"":""dbf410b3-17a9-6815-0904-000000004500""},{""@Name"":""ParentProcessId"",""#text"":""8748""},{""@Name"":""ParentImage"",""#text"":""C:\\Program Files (x86)\\Microsoft\\EdgeUpdate\\MicrosoftEdgeUpdate.exe""},{""@Name"":""ParentCommandLine"",""#text"":""\""C:\\Program Files (x86)\\Microsoft\\EdgeUpdate\\MicrosoftEdgeUpdate.exe\"" /svc""},{""@Name"":""ParentUser"",""#text"":""NT AUTHORITY\\SYSTEM""}]}}"
43656,61808,2025-05-02 19:06:19.9882058,5,Info,Microsoft-Windows-Sysmon,Microsoft-Windows-Sysmon/Operational,2488,4156,Server002,808,S-1-5-18,Process terminated,NT AUTHORITY\SYSTEM,,"ProcessID: 1800, ProcessGUID: dbf410b3-1777-6815-0704-000000004500",,,,,,C:\Program Files (x86)\Microsoft\EdgeUpdate\MicrosoftEdgeUpdate.exe,False,D:\benign_log_combined_latest_used_actually\new_benign\sysmon_48113.evtx,Classic,0,"{""EventData"":{""Data"":[{""@Name"":""RuleName"",""#text"":""-""},{""@Name"":""UtcTime"",""#text"":""2025-05-02 19:06:19.987""},{""@Name"":""ProcessGuid"",""#text"":""dbf410b3-1777-6815-0704-000000004500""},{""@Name"":""ProcessId"",""#text"":""1800""},{""@Name"":""Image"",""#text"":""C:\\Program Files (x86)\\Microsoft\\EdgeUpdate\\MicrosoftEdgeUpdate.exe""},{""@Name"":""User"",""#text"":""NT AUTHORITY\\SYSTEM""}]}}"
43657,61809,2025-05-02 19:06:20.1285437,5,Info,Microsoft-Windows-Sysmon,Microsoft-Windows-Sysmon/Operational,2488,4156,Server002,808,S-1-5-18,Process terminated,NT AUTHORITY\SYSTEM,,"ProcessID: 8896, ProcessGUID: dbf410b3-17ab-6815-0a04-000000004500",,,,,,C:\Program Files (x86)\Microsoft\EdgeUpdate\MicrosoftEdgeUpdate.exe,False,D:\benign_log_combined_latest_used_actually\new_benign\sysmon_48113.evtx,Classic,0,"{""EventData"":{""Data"":[{""@Name"":""RuleName"",""#text"":""-""},{""@Name"":""UtcTime"",""#text"":""2025-05-02 19:06:20.127""},{""@Name"":""ProcessGuid"",""#text"":""dbf410b3-17ab-6815-0a04-000000004500""},{""@Name"":""ProcessId"",""#text"":""8896""},{""@Name"":""Image"",""#text"":""C:\\Program Files (x86)\\Microsoft\\EdgeUpdate\\MicrosoftEdgeUpdate.exe""},{""@Name"":""User"",""#text"":""NT AUTHORITY\\SYSTEM""}]}}"
43658,61810,2025-05-02 19:06:20.1655251,5,Info,Microsoft-Windows-Sysmon,Microsoft-Windows-Sysmon/Operational,2488,4156,Server002,808,S-1-5-18,Process terminated,NT AUTHORITY\SYSTEM,,"ProcessID: 8748, ProcessGUID: dbf410b3-17a9-6815-0904-000000004500",,,,,,C:\Program Files (x86)\Microsoft\EdgeUpdate\MicrosoftEdgeUpdate.exe,False,D:\benign_log_combined_latest_used_actually\new_benign\sysmon_48113.evtx,Classic,0,"{""EventData"":{""Data"":[{""@Name"":""RuleName"",""#text"":""-""},{""@Name"":""UtcTime"",""#text"":""2025-05-02 19:06:20.163""},{""@Name"":""ProcessGuid"",""#text"":""dbf410b3-17a9-6815-0904-000000004500""},{""@Name"":""ProcessId"",""#text"":""8748""},{""@Name"":""Image"",""#text"":""C:\\Program Files (x86)\\Microsoft\\EdgeUpdate\\MicrosoftEdgeUpdate.exe""},{""@Name"":""User"",""#text"":""NT AUTHORITY\\SYSTEM""}]}}"
43659,61811,2025-05-02 19:06:34.4438911,1,Info,Microsoft-Windows-Sysmon,Microsoft-Windows-Sysmon/Operational,2488,4156,Server002,808,S-1-5-18,Process creation,NT AUTHORITY\SYSTEM,,"ProcessID: 6572, ProcessGUID: dbf410b3-17ba-6815-0b04-000000004500",RuleName: -,SHA256=235882DE2347DB7A4CE2BBD7599B5D8D56C93A8BC18207DBEE7173B9BAD068FE,ParentProcess: C:\Windows\System32\svchost.exe,"ParentProcessID: 800, ParentProcessGUID: dbf410b3-a39e-6814-0d00-000000004500",ParentCommandLine: C:\Windows\system32\svchost.exe -k DcomLaunch -p,C:\Windows\System32\mousocoreworker.exe -Embedding,False,D:\benign_log_combined_latest_used_actually\new_benign\sysmon_48113.evtx,Classic,0,"{""EventData"":{""Data"":[{""@Name"":""RuleName"",""#text"":""-""},{""@Name"":""UtcTime"",""#text"":""2025-05-02 19:06:34.439""},{""@Name"":""ProcessGuid"",""#text"":""dbf410b3-17ba-6815-0b04-000000004500""},{""@Name"":""ProcessId"",""#text"":""6572""},{""@Name"":""Image"",""#text"":""C:\\Windows\\System32\\MoUsoCoreWorker.exe""},{""@Name"":""FileVersion"",""#text"":""10.0.19041.5678 (WinBuild.160101.0800)""},{""@Name"":""Description"",""#text"":""MoUSO Core Worker Process""},{""@Name"":""Product"",""#text"":""Microsoft® Windows® Operating System""},{""@Name"":""Company"",""#text"":""Microsoft Corporation""},{""@Name"":""OriginalFileName"",""#text"":""MoUSOCoreWorker.exe""},{""@Name"":""CommandLine"",""#text"":""C:\\Windows\\System32\\mousocoreworker.exe -Embedding""},{""@Name"":""CurrentDirectory"",""#text"":""C:\\Windows\\system32\\""},{""@Name"":""User"",""#text"":""NT AUTHORITY\\SYSTEM""},{""@Name"":""LogonGuid"",""#text"":""dbf410b3-a39d-6814-e703-000000000000""},{""@Name"":""LogonId"",""#text"":""0x3E7""},{""@Name"":""TerminalSessionId"",""#text"":""0""},{""@Name"":""IntegrityLevel"",""#text"":""System""},{""@Name"":""Hashes"",""#text"":""SHA256=235882DE2347DB7A4CE2BBD7599B5D8D56C93A8BC18207DBEE7173B9BAD068FE""},{""@Name"":""ParentProcessGuid"",""#text"":""dbf410b3-a39e-6814-0d00-000000004500""},{""@Name"":""ParentProcessId"",""#text"":""800""},{""@Name"":""ParentImage"",""#text"":""C:\\Windows\\System32\\svchost.exe""},{""@Name"":""ParentCommandLine"",""#text"":""C:\\Windows\\system32\\svchost.exe -k DcomLaunch -p""},{""@Name"":""ParentUser"",""#text"":""NT AUTHORITY\\SYSTEM""}]}}"
43660,61812,2025-05-02 19:07:33.0978155,5,Info,Microsoft-Windows-Sysmon,Microsoft-Windows-Sysmon/Operational,2488,4156,Server002,808,S-1-5-18,Process terminated,NT AUTHORITY\SYSTEM,,"ProcessID: 6360, ProcessGUID: dbf410b3-15a0-6815-0404-000000004500",,,,,,C:\Windows\System32\svchost.exe,False,D:\benign_log_combined_latest_used_actually\new_benign\sysmon_48113.evtx,Classic,0,"{""EventData"":{""Data"":[{""@Name"":""RuleName"",""#text"":""-""},{""@Name"":""UtcTime"",""#text"":""2025-05-02 19:07:33.096""},{""@Name"":""ProcessGuid"",""#text"":""dbf410b3-15a0-6815-0404-000000004500""},{""@Name"":""ProcessId"",""#text"":""6360""},{""@Name"":""Image"",""#text"":""C:\\Windows\\System32\\svchost.exe""},{""@Name"":""User"",""#text"":""NT AUTHORITY\\SYSTEM""}]}}"
43661,61813,2025-05-02 19:07:36.1589984,5,Info,Microsoft-Windows-Sysmon,Microsoft-Windows-Sysmon/Operational,2488,4156,Server002,808,S-1-5-18,Process terminated,NT AUTHORITY\SYSTEM,,"ProcessID: 6572, ProcessGUID: dbf410b3-17ba-6815-0b04-000000004500",,,,,,C:\Windows\System32\MoUsoCoreWorker.exe,False,D:\benign_log_combined_latest_used_actually\new_benign\sysmon_48113.evtx,Classic,0,"{""EventData"":{""Data"":[{""@Name"":""RuleName"",""#text"":""-""},{""@Name"":""UtcTime"",""#text"":""2025-05-02 19:07:36.157""},{""@Name"":""ProcessGuid"",""#text"":""dbf410b3-17ba-6815-0b04-000000004500""},{""@Name"":""ProcessId"",""#text"":""6572""},{""@Name"":""Image"",""#text"":""C:\\Windows\\System32\\MoUsoCoreWorker.exe""},{""@Name"":""User"",""#text"":""NT AUTHORITY\\SYSTEM""}]}}"
43662,61814,2025-05-02 19:11:11.5085685,5,Info,Microsoft-Windows-Sysmon,Microsoft-Windows-Sysmon/Operational,2488,4156,Server002,808,S-1-5-18,Process terminated,NT AUTHORITY\SYSTEM,,"ProcessID: 2404, ProcessGUID: dbf410b3-17a4-6815-0804-000000004500",,,,,,C:\Windows\System32\svchost.exe,False,D:\benign_log_combined_latest_used_actually\new_benign\sysmon_48113.evtx,Classic,0,"{""EventData"":{""Data"":[{""@Name"":""RuleName"",""#text"":""-""},{""@Name"":""UtcTime"",""#text"":""2025-05-02 19:11:11.507""},{""@Name"":""ProcessGuid"",""#text"":""dbf410b3-17a4-6815-0804-000000004500""},{""@Name"":""ProcessId"",""#text"":""2404""},{""@Name"":""Image"",""#text"":""C:\\Windows\\System32\\svchost.exe""},{""@Name"":""User"",""#text"":""NT AUTHORITY\\SYSTEM""}]}}"
43663,61815,2025-05-02 19:11:34.5828947,1,Info,Microsoft-Windows-Sysmon,Microsoft-Windows-Sysmon/Operational,2488,4156,Server002,808,S-1-5-18,Process creation,NT AUTHORITY\SYSTEM,,"ProcessID: 10588, ProcessGUID: dbf410b3-18e6-6815-0c04-000000004500",RuleName: -,SHA256=235882DE2347DB7A4CE2BBD7599B5D8D56C93A8BC18207DBEE7173B9BAD068FE,ParentProcess: C:\Windows\System32\svchost.exe,"ParentProcessID: 800, ParentProcessGUID: dbf410b3-a39e-6814-0d00-000000004500",ParentCommandLine: C:\Windows\system32\svchost.exe -k DcomLaunch -p,C:\Windows\System32\mousocoreworker.exe -Embedding,False,D:\benign_log_combined_latest_used_actually\new_benign\sysmon_48113.evtx,Classic,0,"{""EventData"":{""Data"":[{""@Name"":""RuleName"",""#text"":""-""},{""@Name"":""UtcTime"",""#text"":""2025-05-02 19:11:34.578""},{""@Name"":""ProcessGuid"",""#text"":""dbf410b3-18e6-6815-0c04-000000004500""},{""@Name"":""ProcessId"",""#text"":""10588""},{""@Name"":""Image"",""#text"":""C:\\Windows\\System32\\MoUsoCoreWorker.exe""},{""@Name"":""FileVersion"",""#text"":""10.0.19041.5678 (WinBuild.160101.0800)""},{""@Name"":""Description"",""#text"":""MoUSO Core Worker Process""},{""@Name"":""Product"",""#text"":""Microsoft® Windows® Operating System""},{""@Name"":""Company"",""#text"":""Microsoft Corporation""},{""@Name"":""OriginalFileName"",""#text"":""MoUSOCoreWorker.exe""},{""@Name"":""CommandLine"",""#text"":""C:\\Windows\\System32\\mousocoreworker.exe -Embedding""},{""@Name"":""CurrentDirectory"",""#text"":""C:\\Windows\\system32\\""},{""@Name"":""User"",""#text"":""NT AUTHORITY\\SYSTEM""},{""@Name"":""LogonGuid"",""#text"":""dbf410b3-a39d-6814-e703-000000000000""},{""@Name"":""LogonId"",""#text"":""0x3E7""},{""@Name"":""TerminalSessionId"",""#text"":""0""},{""@Name"":""IntegrityLevel"",""#text"":""System""},{""@Name"":""Hashes"",""#text"":""SHA256=235882DE2347DB7A4CE2BBD7599B5D8D56C93A8BC18207DBEE7173B9BAD068FE""},{""@Name"":""ParentProcessGuid"",""#text"":""dbf410b3-a39e-6814-0d00-000000004500""},{""@Name"":""ParentProcessId"",""#text"":""800""},{""@Name"":""ParentImage"",""#text"":""C:\\Windows\\System32\\svchost.exe""},{""@Name"":""ParentCommandLine"",""#text"":""C:\\Windows\\system32\\svchost.exe -k DcomLaunch -p""},{""@Name"":""ParentUser"",""#text"":""NT AUTHORITY\\SYSTEM""}]}}"
43664,61816,2025-05-02 19:12:05.2066783,1,Info,Microsoft-Windows-Sysmon,Microsoft-Windows-Sysmon/Operational,2488,4156,Server002,808,S-1-5-18,Process creation,SERVER002\lplui,,"ProcessID: 2272, ProcessGUID: dbf410b3-1905-6815-0d04-000000004500",RuleName: -,SHA256=B7B20F19DE611698C5CAE2677B63494A5C61CB74179012E1C63C7F7EB3ECC6AF,ParentProcess: C:\Windows\System32\svchost.exe,"ParentProcessID: 800, ParentProcessGUID: dbf410b3-a39e-6814-0d00-000000004500",ParentCommandLine: C:\Windows\system32\svchost.exe -k DcomLaunch -p,"""C:\Program Files\Microsoft OneDrive\25.065.0406.0002\FileCoAuth.exe"" -Embedding",False,D:\benign_log_combined_latest_used_actually\new_benign\sysmon_48113.evtx,Classic,0,"{""EventData"":{""Data"":[{""@Name"":""RuleName"",""#text"":""-""},{""@Name"":""UtcTime"",""#text"":""2025-05-02 19:12:05.202""},{""@Name"":""ProcessGuid"",""#text"":""dbf410b3-1905-6815-0d04-000000004500""},{""@Name"":""ProcessId"",""#text"":""2272""},{""@Name"":""Image"",""#text"":""C:\\Program Files\\Microsoft OneDrive\\25.065.0406.0002\\FileCoAuth.exe""},{""@Name"":""FileVersion"",""#text"":""25.065.0406.0002""},{""@Name"":""Description"",""#text"":""Microsoft OneDriveFile Co-Authoring Executable""},{""@Name"":""Product"",""#text"":""Microsoft OneDrive""},{""@Name"":""Company"",""#text"":""Microsoft Corporation""},{""@Name"":""OriginalFileName"",""#text"":""FileCoAuth.exe""},{""@Name"":""CommandLine"",""#text"":""\""C:\\Program Files\\Microsoft OneDrive\\25.065.0406.0002\\FileCoAuth.exe\"" -Embedding""},{""@Name"":""CurrentDirectory"",""#text"":""C:\\Windows\\system32\\""},{""@Name"":""User"",""#text"":""SERVER002\\lplui""},{""@Name"":""LogonGuid"",""#text"":""dbf410b3-8789-6814-3797-030000000000""},{""@Name"":""LogonId"",""#text"":""0x39737""},{""@Name"":""TerminalSessionId"",""#text"":""1""},{""@Name"":""IntegrityLevel"",""#text"":""Medium""},{""@Name"":""Hashes"",""#text"":""SHA256=B7B20F19DE611698C5CAE2677B63494A5C61CB74179012E1C63C7F7EB3ECC6AF""},{""@Name"":""ParentProcessGuid"",""#text"":""dbf410b3-a39e-6814-0d00-000000004500""},{""@Name"":""ParentProcessId"",""#text"":""800""},{""@Name"":""ParentImage"",""#text"":""C:\\Windows\\System32\\svchost.exe""},{""@Name"":""ParentCommandLine"",""#text"":""C:\\Windows\\system32\\svchost.exe -k DcomLaunch -p""},{""@Name"":""ParentUser"",""#text"":""NT AUTHORITY\\SYSTEM""}]}}"
43665,61817,2025-05-02 19:12:11.8662569,5,Info,Microsoft-Windows-Sysmon,Microsoft-Windows-Sysmon/Operational,2488,4156,Server002,808,S-1-5-18,Process terminated,SERVER002\lplui,,"ProcessID: 2272, ProcessGUID: dbf410b3-1905-6815-0d04-000000004500",,,,,,C:\Program Files\Microsoft OneDrive\25.065.0406.0002\FileCoAuth.exe,False,D:\benign_log_combined_latest_used_actually\new_benign\sysmon_48113.evtx,Classic,0,"{""EventData"":{""Data"":[{""@Name"":""RuleName"",""#text"":""-""},{""@Name"":""UtcTime"",""#text"":""2025-05-02 19:12:11.858""},{""@Name"":""ProcessGuid"",""#text"":""dbf410b3-1905-6815-0d04-000000004500""},{""@Name"":""ProcessId"",""#text"":""2272""},{""@Name"":""Image"",""#text"":""C:\\Program Files\\Microsoft OneDrive\\25.065.0406.0002\\FileCoAuth.exe""},{""@Name"":""User"",""#text"":""SERVER002\\lplui""}]}}"
43666,61818,2025-05-02 19:12:30.0720901,1,Info,Microsoft-Windows-Sysmon,Microsoft-Windows-Sysmon/Operational,2488,4156,Server002,808,S-1-5-18,Process creation,NT AUTHORITY\SYSTEM,,"ProcessID: 10684, ProcessGUID: dbf410b3-191e-6815-0e04-000000004500",RuleName: -,SHA256=6FC3BF1FDFD76860BE782554F8D25BD32F108DB934D70F4253F1E5F23522E503,ParentProcess: C:\Windows\System32\services.exe,"ParentProcessID: 676, ParentProcessGUID: dbf410b3-a39d-6814-0b00-000000004500",ParentCommandLine: C:\Windows\system32\services.exe,C:\Windows\system32\svchost.exe -k netsvcs -p -s gpsvc,False,D:\benign_log_combined_latest_used_actually\new_benign\sysmon_48113.evtx,Classic,0,"{""EventData"":{""Data"":[{""@Name"":""RuleName"",""#text"":""-""},{""@Name"":""UtcTime"",""#text"":""2025-05-02 19:12:30.068""},{""@Name"":""ProcessGuid"",""#text"":""dbf410b3-191e-6815-0e04-000000004500""},{""@Name"":""ProcessId"",""#text"":""10684""},{""@Name"":""Image"",""#text"":""C:\\Windows\\System32\\svchost.exe""},{""@Name"":""FileVersion"",""#text"":""10.0.19041.4355 (WinBuild.160101.0800)""},{""@Name"":""Description"",""#text"":""Host Process for Windows Services""},{""@Name"":""Product"",""#text"":""Microsoft® Windows® Operating System""},{""@Name"":""Company"",""#text"":""Microsoft Corporation""},{""@Name"":""OriginalFileName"",""#text"":""svchost.exe""},{""@Name"":""CommandLine"",""#text"":""C:\\Windows\\system32\\svchost.exe -k netsvcs -p -s gpsvc""},{""@Name"":""CurrentDirectory"",""#text"":""C:\\Windows\\system32\\""},{""@Name"":""User"",""#text"":""NT AUTHORITY\\SYSTEM""},{""@Name"":""LogonGuid"",""#text"":""dbf410b3-a39d-6814-e703-000000000000""},{""@Name"":""LogonId"",""#text"":""0x3E7""},{""@Name"":""TerminalSessionId"",""#text"":""0""},{""@Name"":""IntegrityLevel"",""#text"":""System""},{""@Name"":""Hashes"",""#text"":""SHA256=6FC3BF1FDFD76860BE782554F8D25BD32F108DB934D70F4253F1E5F23522E503""},{""@Name"":""ParentProcessGuid"",""#text"":""dbf410b3-a39d-6814-0b00-000000004500""},{""@Name"":""ParentProcessId"",""#text"":""676""},{""@Name"":""ParentImage"",""#text"":""C:\\Windows\\System32\\services.exe""},{""@Name"":""ParentCommandLine"",""#text"":""C:\\Windows\\system32\\services.exe""},{""@Name"":""ParentUser"",""#text"":""NT AUTHORITY\\SYSTEM""}]}}"
43667,61819,2025-05-02 19:12:33.9458112,5,Info,Microsoft-Windows-Sysmon,Microsoft-Windows-Sysmon/Operational,2488,4156,Server002,808,S-1-5-18,Process terminated,NT AUTHORITY\SYSTEM,,"ProcessID: 10588, ProcessGUID: dbf410b3-18e6-6815-0c04-000000004500",,,,,,C:\Windows\System32\MoUsoCoreWorker.exe,False,D:\benign_log_combined_latest_used_actually\new_benign\sysmon_48113.evtx,Classic,0,"{""EventData"":{""Data"":[{""@Name"":""RuleName"",""#text"":""-""},{""@Name"":""UtcTime"",""#text"":""2025-05-02 19:12:33.945""},{""@Name"":""ProcessGuid"",""#text"":""dbf410b3-18e6-6815-0c04-000000004500""},{""@Name"":""ProcessId"",""#text"":""10588""},{""@Name"":""Image"",""#text"":""C:\\Windows\\System32\\MoUsoCoreWorker.exe""},{""@Name"":""User"",""#text"":""NT AUTHORITY\\SYSTEM""}]}}"
43668,61820,2025-05-02 19:12:43.1178000,5,Info,Microsoft-Windows-Sysmon,Microsoft-Windows-Sysmon/Operational,2488,4156,Server002,808,S-1-5-18,Process terminated,SERVER002\lplui,,"ProcessID: 7512, ProcessGUID: dbf410b3-0e62-6815-d703-000000004500",,,,,,C:\Program Files\BraveSoftware\Brave-Browser\Application\brave.exe,False,D:\benign_log_combined_latest_used_actually\new_benign\sysmon_48113.evtx,Classic,0,"{""EventData"":{""Data"":[{""@Name"":""RuleName"",""#text"":""-""},{""@Name"":""UtcTime"",""#text"":""2025-05-02 19:12:43.117""},{""@Name"":""ProcessGuid"",""#text"":""dbf410b3-0e62-6815-d703-000000004500""},{""@Name"":""ProcessId"",""#text"":""7512""},{""@Name"":""Image"",""#text"":""C:\\Program Files\\BraveSoftware\\Brave-Browser\\Application\\brave.exe""},{""@Name"":""User"",""#text"":""SERVER002\\lplui""}]}}"
43669,61821,2025-05-02 19:13:37.3097384,1,Info,Microsoft-Windows-Sysmon,Microsoft-Windows-Sysmon/Operational,2488,4156,Server002,808,S-1-5-18,Process creation,SERVER002\lplui,,"ProcessID: 8824, ProcessGUID: dbf410b3-1961-6815-0f04-000000004500",RuleName: -,SHA256=1C7B7E7026EF8307BF33AFDADF1D49E7C1EE4C829260B4F6988185D22D7BCC3A,ParentProcess: C:\Windows\System32\svchost.exe,"ParentProcessID: 1140, ParentProcessGUID: dbf410b3-a3a0-6814-1900-000000004500",ParentCommandLine: C:\Windows\system32\svchost.exe -k netsvcs -p -s Schedule,taskhostw.exe Event,False,D:\benign_log_combined_latest_used_actually\new_benign\sysmon_48113.evtx,Classic,0,"{""EventData"":{""Data"":[{""@Name"":""RuleName"",""#text"":""-""},{""@Name"":""UtcTime"",""#text"":""2025-05-02 19:13:37.299""},{""@Name"":""ProcessGuid"",""#text"":""dbf410b3-1961-6815-0f04-000000004500""},{""@Name"":""ProcessId"",""#text"":""8824""},{""@Name"":""Image"",""#text"":""C:\\Windows\\System32\\taskhostw.exe""},{""@Name"":""FileVersion"",""#text"":""10.0.19041.4474 (WinBuild.160101.0800)""},{""@Name"":""Description"",""#text"":""Host Process for Windows Tasks""},{""@Name"":""Product"",""#text"":""Microsoft® Windows® Operating System""},{""@Name"":""Company"",""#text"":""Microsoft Corporation""},{""@Name"":""OriginalFileName"",""#text"":""taskhostw.exe""},{""@Name"":""CommandLine"",""#text"":""taskhostw.exe Event""},{""@Name"":""CurrentDirectory"",""#text"":""C:\\Windows\\system32\\""},{""@Name"":""User"",""#text"":""SERVER002\\lplui""},{""@Name"":""LogonGuid"",""#text"":""dbf410b3-8789-6814-c28c-030000000000""},{""@Name"":""LogonId"",""#text"":""0x38CC2""},{""@Name"":""TerminalSessionId"",""#text"":""1""},{""@Name"":""IntegrityLevel"",""#text"":""High""},{""@Name"":""Hashes"",""#text"":""SHA256=1C7B7E7026EF8307BF33AFDADF1D49E7C1EE4C829260B4F6988185D22D7BCC3A""},{""@Name"":""ParentProcessGuid"",""#text"":""dbf410b3-a3a0-6814-1900-000000004500""},{""@Name"":""ParentProcessId"",""#text"":""1140""},{""@Name"":""ParentImage"",""#text"":""C:\\Windows\\System32\\svchost.exe""},{""@Name"":""ParentCommandLine"",""#text"":""C:\\Windows\\system32\\svchost.exe -k netsvcs -p -s Schedule""},{""@Name"":""ParentUser"",""#text"":""NT AUTHORITY\\SYSTEM""}]}}"
